952
984
952
936
960
944
904
928
952
952
912
944
968
984
952
928
936
936
872
840
912
952
976
960
1024
1024
968
928
944
952
912
848
904
936
952
912
952
976
952
912
936
944
888
912
912
912
888
920
952
952
904
936
952
944
864
904
904
904
888
928
952
944
920
952
960
912
888
936
936
928
944
952
944
888
920
936
952
912
904
920
928
904
896
936
976
968
968
984
968
944
936
976
1016
960
952
1000
992
968
984
1008
1024
984
968
992
1008
976
936
976
968
936
976
1000
1008
952
952
952
944
880
912
936
952
920
944
960
968
920
912
920
904
840
856
864
840
872
848
800
760
752
712
704
720
720
776
848
808
736
744
824
880
840
840
864
864
832
832
848
