816
824
824
800
792
800
776
784
808
760
760
792
792
744
776
808
792
784
784
760
768
760
776
712
736
672
696
680
664
712
760
728
784
736
776
760
728
712
720
736
736
712
728
752
760
824
824
784
808
760
792
760
784
800
792
800
784
800
792
792
800
776
776
760
728
760
792
808
856
848
872
864
864
848
1608
736
728
720
768
824
776
816
776
864
880
864
840
784
760
216
536
1456
744
800
864
840
888
888
912
880
864
440
1056
1536
760
744
1528
736
712
1432
1392
1080
776
792
816
816
824
816
808
800
1616
824
832
808
1600
792
792
816
824
840
824
808
760
768
784
768
800
776
768
784
1616
840
856
880
856
816
1616
832
840
1576
800
784
752
760
