832
864
832
856
840
824
824
816
808
800
800
784
800
816
808
816
824
784
760
768
792
792
800
832
824
816
808
792
776
768
736
736
720
768
856
840
896
880
880
904
904
856
880
864
816
816
808
816
808
808
816
784
824
824
792
800
808
840
832
856
840
800
808
816
832
776
792
808
816
808
848
856
816
808
792
784
760
752
736
744
736
728
728
776
792
800
816
776
704
712
720
720
776
784
760
760
768
736
696
680
696
688
712
728
768
752
784
704
800
824
816
832
832
832
824
824
808
816
816
800
800
840
848
816
808
816
792
824
832
848
840
848
848
800
712
736
696
728
728
776
744
720
696
736
696
696
688
696
672
688
696
736
728
688
728
744
768
720
736
744
696
704
