0.797
0.766
0.773
0.797
0.812
0.797
0.797
0.781
0.781
0.773
0.766
0.797
0.797
0.805
0.797
0.766
0.828
0.820
0.797
0.797
0.781
0.766
0.797
0.445
1.086
0.766
0.773
9.562
0.695
0.695
0.680
0.672
0.680
0.695
0.680
0.648
0.680
0.672
0.648
0.664
0.633
0.656
0.633
0.648
0.648
0.641
0.633
0.656
0.648
0.656
0.633
0.641
0.633
0.641
0.641
0.641
0.648
0.633
0.648
0.633
0.633
0.656
0.641
0.656
0.672
0.672
0.688
0.656
0.680
0.672
0.688
0.680
0.688
0.648
0.695
0.672
0.688
0.703
0.695
0.680
0.680
0.641
0.656
0.648
0.633
0.633
0.641
0.633
0.648
0.633
0.633
0.633
0.625
0.641
0.625
0.633
0.609
0.633
0.617
0.625
0.625
0.633
0.625
0.633
0.617
0.617
0.633
0.625
0.625
0.625
0.617
0.625
0.633
0.625
0.617
0.617
0.625
0.633
0.617
0.633
0.625
0.609
0.633
0.602
0.617
0.609
0.617
0.617
0.617
0.609
0.609
0.609
0.625
0.617
0.617
0.625
0.625
0.625
0.633
0.633
0.633
0.625
0.641
0.641
0.641
0.641
0.633
0.648
0.641
0.633
0.633
0.641
0.648
0.633
0.633
0.633
0.641
0.641
0.641
0.641
0.633
0.641
0.641
0.633
0.641
0.633
0.633
0.641
0.633
0.641
0.641
0.656
0.664
0.641
0.648
0.648
0.641
0.641
0.633
0.641
0.633
0.641
0.633
0.625
0.633
0.625
0.617
0.625
0.617
0.625
0.625
0.625
0.609
0.617
0.625
0.617
0.617
0.609
0.609
0.617
0.609
0.625
0.625
0.633
0.633
0.633
0.633
0.633
0.656
0.633
0.633
0.641
0.641
0.617
0.633
0.641
0.633
0.625
0.625
0.617
0.633
0.625
0.609
0.617
0.617
0.633
0.625
0.625
0.617
0.625
0.625
0.617
0.617
0.617
0.617
0.633
0.625
0.625
0.625
0.633
0.609
0.625
0.617
0.633
0.617
0.633
0.633
0.633
0.617
0.625
0.617
0.633
0.625
0.633
0.609
0.625
0.617
0.625
0.594
0.617
0.617
0.609
0.617
0.625
0.625
0.602
0.617
0.617
0.617
0.617
0.617
0.625
0.609
0.617
0.617
0.617
0.609
0.617
0.633
0.617
0.609
0.609
0.625
0.609
0.602
0.625
0.617
0.609
0.609
0.609
0.617
0.617
0.617
0.617
0.617
0.602
0.609
0.578
0.641
0.617
0.609
0.602
0.617
0.617
0.602
0.594
0.617
0.602
0.617
0.609
0.609
0.609
0.609
0.617
0.602
0.617
0.594
0.602
0.609
0.602
0.602
0.602
0.609
0.625
0.617
0.625
0.625
0.625
0.625
0.625
0.617
0.625
0.609
0.625
0.609
0.633
0.625
0.641
0.633
0.625
0.641
0.609
0.625
0.617
0.633
0.625
0.633
0.648
0.641
0.641
0.641
0.641
0.648
0.648
0.641
0.633
0.633
0.641
0.656
0.641
0.633
0.633
0.648
0.648
0.641
0.648
0.656
0.664
0.656
0.648
4.484
0.633
0.633
0.633
0.648
0.648
0.641
0.523
0.773
0.633
0.641
0.656
0.641
0.648
0.664
0.641
0.672
0.648
0.672
0.664
0.664
0.523
0.773
0.680
0.703
0.688
0.680
0.672
0.664
0.695
0.688
0.695
0.688
0.703
0.680
0.680
0.680
0.672
0.508
0.859
0.664
0.727
0.719
0.695
0.680
0.672
0.703
0.703
0.695
0.711
0.695
0.688
0.680
0.664
0.672
0.664
0.688
0.719
0.727
0.727
0.734
0.719
0.734
0.703
0.734
0.727
0.727
0.711
0.727
0.711
0.742
0.711
0.727
0.750
0.734
0.750
0.727
0.727
0.727
0.711
0.719
0.734
0.734
0.711
0.703
0.719
0.695
0.719
0.711
0.703
0.703
0.719
0.734
0.711
0.734
0.711
0.727
0.711
0.734
0.742
0.727
0.711
0.719
0.727
0.719
0.734
0.523
0.586
1.094
0.695
0.727
0.734
0.719
0.695
0.719
0.711
0.727
0.695
0.711
0.711
0.703
0.711
0.703
0.703
0.711
0.719
0.695
0.688
0.695
0.688
0.703
0.703
0.711
0.703
0.742
0.727
0.727
0.727
0.719
0.742
0.727
0.742
0.727
0.711
0.711
0.711
0.711
0.703
0.711
0.695
0.719
0.703
0.719
0.719
0.719
0.719
0.719
0.727
0.734
0.742
0.719
0.727
0.758
0.734
0.750
0.758
0.742
0.758
0.766
0.734
0.734
0.734
0.758
0.766
0.750
0.773
0.773
0.766
0.789
0.781
0.766
0.773
0.773
0.766
0.773
0.766
0.750
0.742
0.758
0.742
0.742
0.781
0.773
0.773
0.750
0.781
0.773
0.766
0.797
0.781
0.781
0.789
0.781
0.773
0.781
0.781
0.773
0.773
0.766
0.781
0.773
0.758
0.789
0.773
0.766
0.781
0.766
0.781
0.766
0.766
0.750
0.758
0.766
0.773
0.781
0.773
0.781
0.789
0.766
0.758
0.758
0.750
0.727
0.727
0.742
0.766
0.766
0.766
0.742
0.734
0.758
0.773
0.789
0.758
0.750
0.734
0.773
0.766
0.766
0.734
0.742
0.781
0.766
0.773
0.750
0.773
0.797
0.789
0.766
0.789
0.773
0.773
0.781
0.781
0.766
0.766
0.805
0.781
0.781
0.766
0.797
0.773
0.758
0.773
0.789
0.766
0.758
0.750
0.727
0.719
0.781
0.734
0.773
0.781
0.789
0.797
0.758
0.750
0.758
0.758
0.766
0.773
0.773
0.742
0.766
0.766
0.742
0.742
0.758
0.766
0.766
0.750
0.750
0.758
0.742
0.750
0.773
0.758
0.766
0.758
0.781
0.758
0.773
0.781
0.758
0.750
0.758
0.750
0.750
0.750
0.758
0.750
0.734
0.766
0.758
0.758
0.734
0.562
0.930
0.727
0.805
0.750
0.758
0.766
0.742
0.750
0.781
0.766
0.750
0.734
0.727
0.734
0.750
0.734
0.750
0.727
0.719
0.711
0.727
0.703
0.711
0.727
0.727
0.734
0.695
0.758
0.750
0.742
0.727
0.742
0.758
0.766
0.750
0.734
0.766
0.766
0.773
0.758
0.797
0.789
0.773
0.789
0.781
0.773
0.789
0.781
0.766
0.781
0.773
0.766
0.773
0.758
0.781
0.773
0.727
0.742
0.750
0.492
0.977
0.727
0.758
0.758
0.750
0.758
0.750
0.742
0.742
0.734
0.734
0.742
0.727
0.719
0.734
0.719
0.711
0.477
0.938
0.703
0.742
0.727
0.711
0.719
0.734
0.711
0.727
0.703
0.727
0.758
0.758
0.750
0.734
0.773
0.766
0.758
0.742
0.789
0.758
0.750
0.789
0.750
0.758
0.773
0.758
0.742
0.789
0.773
0.758
0.758
0.773
0.750
0.773
0.773
0.773
0.789
0.773
0.766
0.789
0.766
0.781
0.773
0.766
0.773
0.773
0.766
0.781
0.781
0.773
0.797
0.781
0.773
0.797
0.789
0.773
0.742
0.742
0.727
0.719
0.742
0.766
0.773
0.789
0.789
0.805
0.789
0.773
0.758
0.781
0.789
0.781
0.805
0.789
0.812
0.781
0.773
0.727
0.758
0.719
0.719
0.758
0.812
0.812
0.812
0.812
0.805
0.812
0.805
0.820
0.812
0.797
0.805
0.812
0.820
0.828
0.828
0.805
0.789
0.836
0.812
0.820
0.789
0.797
0.820
0.789
0.781
0.781
0.781
0.773
0.766
0.766
0.750
0.750
0.789
0.781
0.766
0.750
0.781
0.766
0.766
0.750
0.781
0.758
0.750
0.789
0.773
0.766
0.758
0.773
0.469
1.055
0.758
0.844
0.797
0.797
0.789
0.766
0.773
0.781
0.758
0.789
0.766
0.781
0.789
0.773
0.781
0.781
0.758
0.781
0.773
0.773
0.773
0.773
0.766
0.789
0.781
0.781
0.789
0.789
0.789
0.789
0.789
0.773
0.789
0.781
0.789
0.789
0.789
0.789
0.781
0.781
0.773
0.766
0.750
0.773
0.758
0.750
0.758
0.766
0.773
0.773
0.781
0.781
0.766
0.750
0.438
1.172
0.766
0.852
0.797
0.789
0.797
0.750
0.766
0.773
0.758
0.789
0.781
0.766
0.766
0.805
0.758
0.750
0.781
0.766
0.773
0.742
0.750
0.773
0.781
0.781
0.781
0.773
0.789
0.766
0.750
0.812
0.781
0.766
0.805
0.773
0.758
0.781
0.773
0.750
0.797
0.750
0.773
0.781
0.758
0.773
0.781
0.766
0.742
0.789
0.789
0.766
0.773
0.797
0.773
0.789
0.789
0.789
0.789
0.797
0.781
0.812
0.797
0.812
0.805
0.812
0.805
0.805
0.805
0.797
0.812
0.812
0.820
0.797
0.812
0.805
0.805
0.812
0.812
0.828
0.828
0.828
0.820
0.812
0.812
0.789
0.836
0.820
0.805
0.820
0.812
0.805
0.773
0.836
0.828
0.812
0.789
0.789
0.797
0.781
0.766
0.812
0.781
0.773
0.773
0.781
0.766
0.758
0.742
0.797
0.766
0.758
0.742
0.766
0.766
0.750
0.742
0.703
0.828
0.734
0.820
0.797
0.773
0.773
0.766
0.742
0.758
0.758
0.734
0.742
0.758
0.742
0.742
0.773
0.773
0.766
0.734
0.805
0.758
0.805
0.789
0.773
0.781
0.805
0.766
0.781
0.789
0.789
0.773
0.789
0.789
0.781
0.773
0.797
0.789
0.789
0.789
0.812
0.805
0.805
0.797
0.797
0.797
0.789
0.812
0.797
0.812
0.797
0.812
0.805
0.812
0.812
0.812
0.812
0.812
0.805
0.820
0.805
0.820
0.812
0.820
0.820
0.805
0.828
0.820
0.812
0.797
0.820
0.805
0.805
0.805
0.789
0.789
0.805
0.789
0.773
0.773
0.797
0.773
0.766
0.766
0.781
0.781
0.797
0.789
0.758
0.773
0.805
0.766
0.750
0.797
0.766
0.773
0.773
0.781
0.742
0.766
0.797
0.766
0.758
0.773
0.781
0.773
0.742
0.789
0.773
0.766
0.781
0.781
0.758
0.789
0.789
0.766
0.797
0.758
0.789
0.789
0.781
0.797
0.797
0.789
0.812
0.805
0.805
0.703
0.906
0.781
0.844
0.828
0.805
0.812
0.805
0.812
0.805
0.836
0.828
0.828
0.828
0.820
0.828
0.828
0.820
0.828
0.812
0.820
0.820
0.820
0.820
0.812
0.820
0.828
0.828
0.812
0.820
0.812
0.820
0.797
0.773
0.789
0.742
0.773
0.758
0.773
0.758
0.750
0.758
0.805
0.781
0.773
0.758
0.758
0.789
0.758
0.406
0.539
0.539
0.781
0.758
0.766
0.734
0.703
0.711
0.742
0.719
0.727
0.711
0.711
0.711
0.727
0.727
0.727
0.711
0.789
0.773
0.773
0.734
0.812
0.797
0.781
0.781
0.789
0.773
0.805
0.789
0.789
0.789
0.805
0.789
0.820
0.812
0.797
0.805
0.812
0.812
0.781
0.797
0.797
0.805
0.797
0.789
0.789
0.797
0.797
0.805
0.812
0.820
0.812
0.820
0.828
0.820
0.836
0.836
0.836
0.844
0.828
0.852
0.844
0.852
0.828
0.852
0.820
0.812
0.859
0.852
0.844
0.797
0.867
0.828
0.805
0.820
0.812
0.781
0.812
0.820
0.805
0.781
0.766
0.828
0.805
0.781
0.758
0.812
0.758
0.766
0.695
0.883
0.750
0.828
0.820
0.766
0.742
0.789
0.766
0.766
0.750
0.797
0.750
0.773
0.805
0.773
0.773
0.789
0.773
0.781
0.789
0.773
0.766
0.797
0.758
0.781
0.773
0.766
0.789
0.781
0.773
0.789
0.797
0.789
0.789
0.789
0.781
0.805
0.789
0.789
0.797
0.797
0.789
0.805
0.812
0.805
0.812
0.828
0.836
0.828
0.828
0.820
0.836
0.828
0.836
0.828
0.828
0.828
0.844
0.836
0.828
0.828
0.812
0.812
0.820
0.797
0.773
0.805
0.797
0.781
0.758
0.812
0.789
0.766
0.750
0.805
0.773
0.773
0.758
0.797
0.805
0.789
0.781
0.750
0.812
0.773
0.781
0.758
0.766
0.781
0.758
0.750
0.781
0.758
0.758
0.742
0.766
0.727
0.750
0.727
0.750
0.766
0.820
0.797
0.781
0.789
0.852
0.805
0.773
0.797
0.797
0.766
0.773
0.750
0.766
0.781
0.758
0.742
0.773
0.766
0.750
0.750
0.758
0.734
0.750
0.734
0.750
0.727
0.742
0.734
0.742
0.742
0.750
0.734
0.734
0.734
0.742
0.734
0.727
0.734
0.734
0.734
0.750
0.750
0.758
0.742
0.758
0.742
0.727
0.742
0.734
0.727
0.758
0.750
0.734
0.750
0.758
0.758
0.750
5.180
0.719
0.727
0.711
0.727
0.734
5.680
0.703
0.703
0.711
0.695
0.695
0.680
0.734
0.711
0.695
0.742
0.727
0.719
0.688
0.734
0.734
0.750
0.711
0.680
0.727
0.711
0.688
2.188
0.734
0.719
0.695
0.703
0.695
0.688
0.688
0.695
0.695
0.688
0.680
0.688
0.688
0.672
0.688
0.703
0.703
0.703
0.711
0.703
0.680
0.719
0.703
0.703
0.727
0.711
0.711
0.711
0.727
0.719
0.711
0.695
0.719
0.711
0.703
0.695
0.703
0.695
0.727
0.719
0.703
0.695
0.727
0.711
0.711
0.664
0.711
0.695
0.703
0.695
0.672
0.695
0.695
0.703
0.680
0.703
0.688
0.688
0.695
0.672
0.703
0.703
0.688
0.695
0.695
0.680
0.688
0.688
0.680
0.672
0.688
0.680
0.664
0.695
0.672
0.664
0.688
0.664
0.656
0.680
0.672
0.672
0.664
0.680
0.656
0.656
0.672
0.672
0.656
0.656
0.672
0.672
0.656
0.664
0.680
0.680
0.648
0.672
0.680
0.656
0.656
0.672
0.664
0.664
0.656
0.656
0.672
0.688
0.672
0.680
0.688
0.719
0.695
0.672
0.672
0.672
0.680
0.672
0.680
0.688
0.695
0.672
0.688
0.688
0.680
0.695
0.695
0.695
0.703
0.672
0.688
0.688
0.680
0.695
0.703
0.695
0.719
0.711
0.695
0.695
0.695
0.703
0.719
0.688
0.688
0.703
0.711
0.680
0.711
0.703
0.688
0.719
0.703
0.695
0.703
0.703
0.680
0.711
0.695
0.680
0.672
0.695
0.672
0.672
0.656
0.664
0.625
0.719
0.648
0.719
0.695
0.695
0.680
0.688
0.688
0.688
0.688
0.680
0.672
0.703
0.672
0.688
0.664
0.688
0.672
0.664
0.688
0.680
0.688
0.672
0.680
0.680
0.664
0.680
0.680
0.680
0.680
0.680
0.672
0.672
0.664
0.672
0.656
4.914
0.898
0.656
0.656
0.648
0.664
0.656
0.648
0.648
0.656
0.633
0.648
0.648
0.641
0.641
0.656
0.641
0.648
0.648
0.641
0.648
0.648
0.648
0.648
0.641
0.648
0.648
0.648
0.641
0.664
0.680
0.688
0.688
0.688
0.680
0.672
0.672
0.656
0.648
0.664
0.656
0.656
0.648
0.641
0.656
0.648
0.664
0.648
0.664
0.688
0.680
0.672
0.680
0.688
0.672
0.680
0.664
0.656
0.664
0.648
0.656
0.633
0.656
0.648
0.641
0.656
0.672
0.656
0.656
0.672
0.672
0.688
0.672
0.648
0.672
0.672
0.664
0.648
0.648
0.664
0.672
0.672
0.664
0.664
0.672
0.664
0.664
0.672
0.672
0.664
0.664
0.648
0.664
0.648
0.664
0.641
0.656
0.641
0.648
0.648
0.648
0.648
0.656
0.656
0.656
0.664
0.656
0.656
0.648
0.664
0.656
0.656
0.656
0.641
0.641
0.648
0.648
0.656
0.656
0.680
0.680
0.672
0.695
0.695
0.695
0.672
0.688
0.680
0.680
0.688
0.688
0.664
0.680
0.680
0.680
0.672
0.680
0.664
0.664
0.672
0.664
0.656
0.648
0.648
0.656
0.648
0.656
0.648
0.656
0.664
0.656
0.664
0.664
0.656
0.656
0.656
0.656
0.648
0.656
0.633
0.633
0.664
0.633
0.680
0.656
0.680
0.672
0.664
0.672
0.672
0.656
0.672
0.680
0.664
0.656
0.680
0.656
0.656
0.656
0.648
0.648
0.672
0.641
0.664
0.648
0.664
0.664
0.664
0.656
0.664
0.664
0.664
0.664
0.664
0.664
0.664
0.648
0.656
0.648
0.656
0.641
0.648
0.641
0.641
0.648
0.648
0.641
0.656
0.656
0.656
0.648
0.648
0.648
0.648
0.641
0.641
0.641
0.633
0.633
0.641
0.648
0.656
0.664
0.672
0.672
0.680
0.680
0.672
0.664
0.648
0.664
0.648
0.656
0.648
0.656
0.656
0.656
0.656
0.656
0.680
0.656
0.664
0.672
0.656
0.664
0.680
0.656
0.688
0.695
0.672
0.680
0.695
0.680
0.672
0.680
0.695
0.695
0.664
0.680
0.680
0.664
0.648
0.648
0.664
0.664
0.672
0.664
0.695
0.688
0.688
0.695
0.688
0.664
0.695
0.680
0.680
0.680
0.664
0.664
0.680
0.648
0.656
0.648
0.648
0.648
0.617
0.695
0.641
0.688
0.648
0.688
0.578
0.797
0.664
0.727
0.734
0.734
0.742
0.719
0.688
0.719
0.703
0.711
0.719
0.703
0.711
0.695
0.719
0.672
0.719
0.680
0.719
0.688
0.680
0.695
0.703
0.688
0.711
0.695
0.703
0.711
0.703
0.695
0.719
0.680
0.703
0.711
0.680
0.711
0.703
0.711
0.695
0.711
0.664
0.695
0.688
0.742
0.703
0.695
0.719
0.719
0.734
0.742
0.742
0.742
0.711
0.734
0.734
0.734
0.734
0.742
0.719
0.750
0.734
0.711
0.742
0.734
0.719
0.672
0.734
0.719
0.695
0.719
0.711
0.703
0.711
0.719
0.672
0.711
0.703
0.672
0.727
0.703
0.703
0.703
0.719
0.719
0.719
0.711
0.680
0.703
0.703
0.688
0.680
0.688
0.680
0.680
0.719
0.727
0.711
0.703
0.711
0.734
0.695
0.711
0.719
0.719
0.742
0.727
0.703
0.727
0.758
0.734
0.789
0.766
0.766
0.688
0.734
0.688
0.727
0.703
0.695
0.688
0.711
0.688
0.727
0.703
0.688
0.688
0.688
0.680
0.672
0.680
0.672
0.672
0.688
0.672
0.672
0.680
0.656
0.672
0.672
0.680
0.656
0.672
0.672
0.664
0.680
0.664
0.680
0.672
0.664
0.672
0.648
0.656
0.648
0.664
0.656
0.648
0.656
0.648
0.656
0.641
0.648
0.641
0.648
0.641
0.664
0.656
0.664
0.656
0.672
0.648
0.656
0.641
0.648
0.648
0.641
0.648
0.641
0.656
0.648
0.641
0.641
0.648
0.633
0.648
0.633
0.641
0.492
0.836
0.648
0.680
0.680
0.711
0.688
0.664
0.656
0.680
0.672
0.672
0.656
0.656
0.656
0.656
0.648
0.648
0.656
0.648
0.641
0.664
0.648
0.656
0.641
0.641
0.641
0.648
0.641
0.648
0.641
0.648
0.641
0.656
0.656
0.617
0.664
0.664
0.672
0.664
0.664
0.664
0.672
0.672
0.680
0.664
0.664
0.672
0.664
0.680
0.664
0.711
0.703
0.688
0.711
0.719
0.703
0.711
0.734
0.719
0.719
0.758
0.727
0.727
0.734
0.703
0.734
0.711
0.719
0.727
0.742
0.711
0.727
0.734
0.711
0.727
0.773
0.805
0.742
0.727
0.727
0.711
0.703
0.719
0.695
0.703
0.703
0.711
0.734
0.711
0.727
0.734
0.727
0.711
0.727
0.695
0.703
0.727
0.688
0.703
0.695
0.688
0.695
0.680
0.680
0.688
0.680
0.711
0.727
0.719
0.672
0.711
0.711
0.719
0.695
0.742
0.695
0.719
0.711
0.695
0.719
0.703
0.719
0.711
0.703
0.727
0.680
0.711
0.711
0.680
0.703
0.680
0.680
0.664
0.703
0.672
0.672
0.680
0.680
0.664
0.680
0.695
0.672
0.688
0.688
0.664
0.695
0.703
0.688
0.672
0.695
0.688
0.703
0.664
0.680
0.680
0.727
0.727
0.703
0.664
0.648
0.695
0.648
0.656
0.641
0.648
0.633
0.648
0.625
0.656
0.633
0.648
0.648
0.648
0.633
0.648
0.664
0.695
0.672
0.695
0.695
0.719
0.727
0.703
0.711
0.711
0.727
0.727
0.711
0.719
0.711
0.703
0.680
0.703
0.695
0.695
0.695
0.688
0.688
0.703
0.703
0.695
0.672
0.688
0.695
0.680
0.664
0.680
0.672
0.680
0.688
0.703
0.688
0.688
0.703
0.695
0.688
0.664
0.703
0.672
0.664
0.656
0.672
0.656
0.664
0.680
0.656
0.664
0.688
0.672
0.680
0.680
0.672
0.688
0.680
0.664
0.711
0.703
0.703
0.664
0.695
0.711
0.703
0.680
0.695
0.711
0.719
0.688
0.703
0.719
0.711
0.695
0.703
0.719
0.688
0.727
0.719
0.703
0.719
0.711
0.695
0.703
0.727
0.711
0.711
0.711
0.688
0.680
0.688
0.688
0.672
0.680
0.656
0.680
0.672
0.688
0.664
0.680
0.680
0.703
0.688
0.703
0.703
0.703
0.695
0.711
0.688
0.695
0.688
0.711
0.742
0.750
0.750
0.734
0.734
0.742
0.742
0.758
0.758
0.742
0.727
0.734
0.727
0.766
0.742
0.703
0.742
0.703
0.703
0.727
0.695
0.734
0.703
0.703
0.680
0.719
0.695
0.711
0.664
0.727
0.688
0.711
0.664
0.703
0.680
0.688
0.672
0.695
0.680
0.672
0.664
0.664
0.672
0.680
0.664
0.711
0.688
0.695
0.711
0.703
0.711
0.695
0.719
0.703
0.680
0.695
0.688
0.695
0.672
0.688
0.680
0.656
0.688
0.672
0.648
0.656
0.656
0.641
0.664
0.648
0.648
0.664
0.648
0.656
0.664
0.672
0.633
0.664
0.648
0.656
0.664
0.680
0.648
0.680
0.680
0.688
0.688
0.719
0.680
0.695
0.688
0.695
0.688
0.711
0.695
0.680
0.688
0.711
0.734
0.719
0.734
0.750
0.750
0.750
0.758
0.766
0.750
0.742
0.742
0.750
0.742
0.727
0.719
0.727
0.734
0.742
0.719
0.695
0.727
0.711
0.703
0.688
0.703
0.688
0.688
0.703
0.680
0.695
0.680
0.695
0.688
0.664
0.703
0.664
0.680
0.680
0.664
0.664
0.641
0.695
0.641
0.672
0.656
0.641
0.664
0.656
0.648
0.648
0.656
0.656
0.641
0.648
0.656
0.656
0.656
0.641
0.672
0.688
0.508
0.891
0.680
0.656
0.672
0.656
0.648
0.672
0.648
0.617
0.641
0.656
0.633
0.633
0.633
0.625
0.648
0.641
0.625
0.672
0.680
0.711
0.688
0.688
0.672
0.664
0.656
0.664
0.672
0.672
0.672
0.672
0.688
0.680
0.656
0.680
0.680
0.664
0.680
0.680
0.695
0.711
0.703
0.719
0.711
0.734
0.719
0.742
0.727
0.734
0.734
0.742
0.742
0.750
0.727
0.727
0.766
0.742
0.750
0.734
0.742
0.719
0.734
0.734
0.750
0.695
0.750
0.750
0.703
0.766
0.742
0.719
0.758
0.734
0.719
0.703
0.727
0.711
0.727
0.695
0.703
0.711
0.695
0.695
0.727
0.695
0.711
0.742
0.727
0.734
0.734
0.711
0.672
0.719
0.688
0.617
0.570
0.922
0.695
0.703
0.742
0.719
0.719
0.688
0.727
0.711
0.695
0.703
0.719
0.695
0.680
0.719
0.703
0.711
0.688
0.727
0.727
0.719
0.703
0.734
0.742
0.734
0.734
0.758
0.758
0.703
0.766
0.734
0.820
0.719
0.742
0.734
0.766
0.742
0.734
0.703
0.680
0.680
0.664
0.672
0.664
0.672
0.680
0.695
0.688
0.695
0.680
0.680
0.703
0.711
0.742
0.727
0.719
0.719
0.719
0.734
0.734
0.719
0.719
0.711
0.703
0.695
0.688
0.688
0.680
0.688
0.695
0.680
0.695
0.680
0.711
0.656
0.664
0.672
0.656
0.656
0.672
0.656
0.680
0.672
0.664
0.680
0.672
0.664
0.664
0.664
0.656
0.648
0.664
0.648
0.656
0.648
0.641
0.625
0.664
0.641
0.688
0.664
0.664
0.672
0.680
0.664
0.680
0.664
0.680
0.641
0.672
0.672
0.664
0.648
0.719
0.734
0.711
0.703
0.672
0.734
0.695
0.703
0.688
0.711
0.727
0.727
0.688
0.711
0.727
0.727
0.703
0.711
0.734
0.742
0.758
0.742
0.727
0.750
0.750
0.742
0.742
0.758
0.766
0.750
0.742
0.758
0.758
0.750
0.758
0.766
0.766
0.758
0.766
0.758
0.758
0.766
0.766
0.758
0.781
0.758
0.789
0.781
0.789
0.773
0.781
0.773
0.781
0.758
0.781
0.766
0.766
0.758
0.766
0.758
0.750
0.766
0.766
0.750
0.758
0.758
0.742
0.750
0.742
0.719
0.734
0.734
0.719
0.703
0.727
0.703
0.719
0.703
0.719
0.711
0.719
0.703
0.711
0.695
0.703
0.703
0.695
0.695
0.680
0.711
0.680
0.688
0.680
0.688
0.664
0.672
0.672
0.664
0.664
0.664
0.656
0.648
0.648
0.672
0.656
0.656
0.672
0.664
0.648
0.656