0.711
0.734
0.727
0.734
0.734
0.734
0.734
0.711
0.703
0.703
0.688
0.648
0.688
0.688
0.695
0.672
0.688
0.656
0.664
0.648
0.656
0.648
0.664
0.633
0.656
0.641
0.648
0.656
0.648
0.641
0.648
0.656
0.641
0.648
0.648
0.641
0.633
0.641
0.625
0.648
0.625
0.641
0.656
0.664
0.641
0.664
0.648
0.648
0.648
0.641
0.648
0.641
0.633
0.648
0.633
0.633
0.641
0.617
0.656
0.648
0.656
0.648
0.680
0.680
0.688
0.680
0.672
0.672
0.656
0.648
0.641
0.648
0.664
0.664
0.680
0.680
0.703
0.688
0.711
0.688
0.680
0.688
0.695
0.672
0.672
0.641
0.672
0.672
0.688
0.680
0.680
0.656
0.664
0.656
0.664
0.672
0.664
0.688
0.688
0.664
0.680
0.680
0.688
0.695
0.703
0.719
0.734
0.719
0.734
0.719
0.734
0.742
0.750
0.773
0.773
0.797
0.805
0.828
0.789
0.805
0.812
0.781
0.789
0.758
0.758
0.742
0.430
1.086
0.750
0.758
0.742
0.789
0.797
0.836
0.836
0.836
0.859
0.852
0.836
0.812
0.812
0.812
0.812
0.812
0.820
0.812
0.812
0.820
0.836
0.836
0.828
0.805
0.797
0.812
0.852
0.859
0.883
0.914
0.891
0.914
0.891
0.898
0.898
0.891
0.867
0.891
0.922
0.906
0.922
0.938
0.922
0.906
0.914
0.914
0.961
0.953
0.953
0.945
0.953
0.953
0.938
0.922
0.938
0.953
0.914
0.922
0.930
0.898
0.914
0.898
0.898
0.922
0.930
0.898
0.930
0.891
0.883
0.891
0.945
0.945
0.938
0.922
0.906
0.883
0.875
0.859
0.852
0.852
0.852
0.828
0.828
0.852
0.852
0.828
0.820
0.805
0.812
0.828
0.836
0.852
0.875
0.867
0.891
0.898
0.867
0.883
0.875
0.867
0.883
0.906
0.945
0.969
0.945
0.906
0.875
0.891
0.930
1.031
1.109
1.070
0.992
0.945
0.898
0.859
0.859
0.852
0.859
0.961
1.008
1.023
0.969
0.922
0.898
0.859
0.867
0.859
0.883
0.906
0.922
0.906
0.883
0.859
0.875
0.922
0.969
1.016
1.070
1.039
0.984
0.906
0.891
0.844
0.852
0.891
0.906
0.898
0.875
0.859
0.852
0.836
0.828
0.836
0.836
0.875
0.891
0.906
0.883
0.906
0.883
0.883
0.875
0.875
0.859
0.875
0.852
0.844
0.828
0.805
0.820
0.805
0.797
0.812
0.820
0.812
0.820
0.844
0.875
0.898
0.938
0.961
0.930
0.875
0.875
0.844
0.844
0.852
0.859
0.883
0.875
0.836
0.844
0.844
0.828
0.844
0.836
0.844
0.875
0.898
0.914
0.914
0.867
0.859
0.844
0.820
0.820
0.812
0.828
0.820
0.836
0.828
0.805
0.805
0.797
0.797
0.805
0.797
0.812
0.828
0.812
0.820
0.812
0.812
0.789
0.781
0.773
0.773
0.781
0.773
0.789
0.789
0.797
0.797
0.789
0.828
0.836
0.883
0.922
0.891
0.883
0.859
0.828
0.820
0.828
0.812
0.828
0.852
0.867
0.898
0.891
0.914
0.938
0.922
0.922
0.914
0.914
0.914
0.891
0.883
0.891
0.867
0.883
0.883
0.859
0.883
0.898
0.953
0.938
0.922
0.891
0.875
0.844
0.820
0.797
0.781
0.766
0.766
0.781
0.789
0.820
0.836
0.852
0.828
0.820
0.805
0.773
0.773
0.758
0.766
0.789
0.844
0.867
0.844
0.820
0.844
0.820
0.852
0.875
0.891
0.898
0.875
0.852
0.844
0.812
0.812
0.789
0.766
0.773
0.734
0.758
0.773
0.805
0.828
0.836
0.836
0.859
0.867
0.938
0.930
0.930
0.891
0.867
0.828
0.828
0.812
0.812
0.828
0.844
0.836
0.836
0.820
0.844
0.844
0.836
0.836
0.820
0.852
0.844
0.836
0.852
0.852
0.859
0.875
0.859
0.852
0.820
0.812
0.797
0.773
0.766
0.781
0.789
0.805
0.836
0.859
0.875
0.867
0.875
0.844
0.805
0.805
0.773
0.797
0.789
0.797
0.820
0.852
0.891
0.922
0.914
0.891
0.867
0.852
0.820
0.781
0.789
0.797
0.836
0.883
0.898
0.906
0.852
0.852
0.820
0.805
0.789
0.812
0.844
0.898
0.938
0.922
0.914
0.906
0.875
0.867
0.859
0.836
0.836
0.844
0.859
0.867
0.891
0.852
0.828
0.812
0.812
0.797
0.766
0.805
0.828
0.812
0.805
0.781
0.789
0.766
0.789
0.750
0.758
0.766
0.773
0.781
0.781
0.781
0.789
0.773
0.766
0.758
0.781
0.758
0.781
0.789
0.797
0.820
0.820
0.820
0.805
0.820
0.805
0.789
0.797
0.773
0.789
0.773
0.781
0.781
0.781
0.781
0.781
0.789
0.789
0.797
0.820
0.828
0.836
0.836
0.828
0.828
0.797
0.805
0.789
0.820
0.797
0.789
0.789
0.789
0.797
0.812
0.812
0.820
0.805
0.797
0.797
0.781
0.781
0.773
0.781
0.805
0.789
0.805
0.789
0.773
0.766
0.781
0.797
0.781
0.789
0.750
0.750
0.734
0.727
0.727
0.727
0.766
0.781
0.836
0.852
0.852
0.867
0.852
0.844
0.836
0.797
0.797
0.781
0.781
0.812
0.828
0.852
0.875
0.867
0.844
0.836
0.836
0.820
0.836
0.867
0.867
0.852
0.852
0.836
0.828
0.820
0.820
0.852
0.852
0.859
0.859
0.867
0.867
0.875
0.875
0.883
0.875
0.852
0.836
0.805
0.789
0.781
0.773
0.789
0.773
0.797
0.805
0.820
0.844
0.836
0.844
0.828
0.812
0.812
0.789
0.781
0.766
0.750
0.750
0.742
0.758
0.758
0.766
0.773
0.773
0.789
0.781
0.797
0.797
0.805
0.828
0.812
0.805
0.789
0.773
0.773
0.766
0.773
0.773
0.789
0.797
0.828
0.859
0.852
0.836
0.828
0.812
0.812
0.797
0.812
0.805
0.805
0.828
0.828
0.828
0.844
0.844
0.828
0.828
0.812
0.828
0.812
0.836
0.836
0.836
0.812
0.812
0.812
0.812
0.812
0.820
0.828
0.828
0.820
0.812
0.805
0.805
0.805
0.805
0.797
0.805
0.805
0.820
0.805
0.797
0.797
0.773
0.766
0.750
0.742
0.750
0.750
0.773
0.805
0.828
0.812
0.805
0.797
0.789
0.797
0.773
0.789
0.789
0.789
0.797
0.781
0.781
0.781
0.773
0.789
0.766
0.773
0.742
0.766
0.766
0.773
0.797
0.805
0.820
0.812
0.812
0.797
0.773
0.781
0.750
0.750
0.758
0.758
0.750
0.766
0.781
0.789
0.805
0.812
0.828
0.820
0.828
0.828
0.812
0.805
0.812
0.789
0.797
0.781
0.797
0.797
0.797
0.812
0.805
0.812
0.805
0.820
0.812
0.828
0.852
0.836
0.820
0.812
0.781
0.766
0.758
0.734
0.734
0.727
0.742
0.750
0.773
0.781
0.797
0.812
0.812
0.812
0.805
0.805
0.781
0.789
0.789
0.781
0.797
0.781
0.789
0.789
0.789
0.789
0.789
0.797
0.797
0.789
0.789
0.781
0.766
0.766
0.766
0.781
0.781
0.797
0.805
0.812
0.812
0.812
0.805
0.797
0.797
0.781
0.789
0.797
0.773
0.773
0.789
0.797
0.820
0.797
0.797
0.773
0.797
0.781
0.797
0.805
0.820
0.844
0.867
0.859
0.891
0.883
0.891
0.883
0.852
0.828
0.828
0.781
0.797
0.805
0.820
0.836
0.836
0.867
0.867
0.883
0.867
0.852
0.836
0.844
0.820
0.820
0.828
0.820
0.820
0.820
0.828
0.836
0.828
0.852
0.844
0.852
0.836
0.836
0.812
0.812
0.797
0.812
0.812
0.820
0.812
0.812
0.820
0.820
0.828
0.812
0.812
0.812
0.789
0.789
0.789
0.781
0.789
0.812
0.828
0.820
0.820
0.828
0.836
0.836
0.844
0.844
0.867
0.875
0.875
0.859
0.852
0.836
0.844
0.844
0.820
0.828
0.836
0.828
0.852
0.859
0.852
0.852
0.844
0.820
0.805
0.805
0.781
0.789
0.781
0.797
0.781
0.812
0.859
0.891
0.914
0.906
0.891
0.859
0.828
0.789
0.773
0.742
0.742
0.727
0.742
0.766
0.781
0.820
0.852
0.867
0.891
0.883
0.867
0.867
0.836
0.836
0.805
0.805