780.8
1475.2
768.0
852.8
904.0
896.0
852.8
785.6
1510.4
1764.8
1793.6
2406.3999
2934.3999
400.0
768.0
785.6
751.9
742.4
268.8
1225.6
281.6
1876.8
3342.3999
409.6
1111.9
2009.6
307.2
382.3
646.4
665.6
691.2
790.4
793.6
795.2
744.0
742.4
761.6
1617.6
819.2
800.0
809.6
768.0
747.2
1352.0
1331.2
800.0
1457.5
1536.0
857.6
833.6
3609.6001
772.8
841.6
793.6
792.0
1420.8
691.2
2374.3999
1619.2
921.6
1859.2
918.4
1561.6
1548.8
832.0
1587.2
1572.8
862.4
870.4
884.8
1561.6
768.0
780.8
840.0
1715.2
1672.0
792.0
768.0
1558.4
804.8
844.8
1739.2
2328.0
768.0
840.0
830.4
3148.8
856.0
854.4
2278.3999
790.4
803.2
870.4
2560.0
769.6
742.4
787.2
860.8
4992.0
4139.2002
872.0
870.4
3233.6001
4356.7998
819.2
1798.4
924.8
2508.8
753.6
860.8
896.0
945.6
1803.2
588.8
836.8
889.6
4300.7998
2299.2
704.0
691.2
3208.0
774.4
793.6
868.8
907.2
972.8
932.8
1763.2
793.6
820.8
2550.3999
768.0
782.4
804.8
844.8
1742.4
892.8
793.6
792.0
782.4
793.6
1710.4
2505.6001
793.6
1692.8
868.7
1536.0
828.8
880.0
870.4
1652.8
808.0
2585.6001
1728.0
1600.0
819.2
852.8
913.6
5862.3999
888.0
1780.8
793.6
816.0
2472.0
793.6
820.8
870.4
896.0
878.4
2451.2
1612.8
808.0
2595.2
870.4
4035.2
1664.0
1664.0
844.8
907.2
588.8
1620.8
1688.0
4096.0
3244.8
864.0
844.8
2312.0
787.1
1484.8
2553.6001
868.8
768.0
784.0
791.9
1536.0
2737.5
662.4
2073.6001
1375.9
1492.8
1536.0
3436.8
921.6
896.0
1635.2
814.4
2483.2
892.8
1825.6
1664.0
4393.6001
2569.6001
870.4
1697.6
902.4
921.6
913.6
892.8
793.6
796.8
856.0
588.8
2475.2
1782.4
896.0
3297.6001
1608.0
1587.2
894.4
900.8
3379.2
2713.6001
915.2
844.8
798.4
825.6
2585.6001
910.4
926.4
947.2
934.4
1724.8
1638.4
1745.6
1859.2
896.0
2544.0
1641.6
844.8
1745.6
3123.2
384.0
4169.6001
1702.4
819.2
2569.6001
872.0
1638.4
1619.2
817.6
1664.0
902.4
945.6
896.0
859.2
816.0
793.6
820.8
878.4
1792.0
868.8
1668.8
5171.2002
2641.6001
830.4
588.8
1771.2
832.0
1715.2
894.4
3336.0
1792.0
838.4
3288.0
588.8
820.8
1654.4
1664.0
