598.4
886.4
1152.0
3315.2
1716.8
2022.4
390.4
2222.3999
1203.2
249.6
980.8
1536.0
681.5
2067.2
716.8
745.6
1486.4
742.4
1443.1
760.0
742.4
780.8
2249.5
1305.6
686.4
707.2
512.0
307.1
1128.0
230.4
353.6
832.0
819.2
1529.5
1505.6
691.2
718.4
760.0
742.4
788.8
1460.8
742.4
712.0
713.6
665.6
657.6
620.8
2713.6001
2102.3999
716.8
768.0
2164.8
812.8
844.8
872.0
886.4
768.0
736.0
2265.6001
819.2
2992.0
684.8
716.8
792.0
790.4
793.6
796.8
724.8
1408.0
678.4
2232.0
819.2
800.0
793.6
768.0
700.8
244.8
409.6
1303.9
641.6
1254.4
654.4
670.4
691.2
694.4
470.4
1510.4
1272.0
632.0
230.4
369.6
608.0
588.8
609.6
584.0
563.2
564.8
1148.8
537.6
544.0
544.0
537.6
520.0
536.0
512.0
528.0
520.0
512.0
532.8
184.0
307.2
536.0
1048.0
512.0
715.2
398.4
537.6
1668.8
584.0
563.2
345.6
1459.2
640.0
657.6
633.6
1868.8
656.0
662.3
1305.6
2070.3999
680.0
665.6
673.6
656.0
1152.0
331.2
1811.2
1996.8
681.6
648.0
640.0
632.0
614.4
640.0
622.4
646.4
665.6
243.2
449.6
665.6
648.0
640.0
1280.0
620.8
934.4
307.2
403.2
598.4
230.4
371.2
449.6
793.6
340.8
663.9
640.0
646.4
1323.2
614.4
663.9
646.4
2073.6001
2400.0
1625.6
819.2
1513.6
1497.6
691.2
969.6
1697.6
640.0
2606.3999
1355.1
640.0
707.2
1412.8
691.2
731.2
817.6
1664.0
