832.0
827.2
768.0
784.0
769.6
742.4
787.2
846.4
870.4
883.2
840.0
819.2
854.4
883.2
819.2
840.0
835.2
768.0
769.6
755.2
691.2
716.8
779.2
716.8
734.4
756.8
793.6
801.6
779.2
716.8
734.4
744.0
870.4
913.6
884.8
793.6
788.8
838.4
844.8
751.9
764.8
793.6
902.4
928.0
921.6
801.6
774.4
793.6
804.8
844.8
768.0
790.4
803.2
870.4
876.8
800.0
793.6
774.4
812.8
844.8
784.0
785.6
742.4
830.4
844.8
768.0
785.6
742.4
768.0
833.6
811.2
742.4
758.4
790.4
793.6
844.8
776.0
768.0
814.4
836.8
742.4
716.8
788.8
819.2
873.6
865.6
819.2
769.6
745.6
716.8
707.2
663.9
640.0
700.7
756.8
793.6
851.2
793.6
768.0
696.0
705.6
665.6
649.6
616.0
614.4
616.0
616.0
614.4
1214.4
609.6
563.2
1174.4
560.0
537.6
561.6
536.0
512.0
528.0
528.0
512.0
528.0
512.0
512.0
520.0
520.0
512.0
536.0
536.0
512.0
518.4
552.0
537.6
552.0
560.0
537.6
542.4
566.4
588.8
584.0
584.0
563.2
585.6
560.0
537.6
566.4
598.4
614.4
598.4
633.6
588.8
608.0
598.4
614.4
656.0
640.0
640.0
625.6
600.0
588.8
575.9
585.6
537.6
552.0
552.0
537.6
567.9
1212.8
614.4
624.0
633.6
588.8
624.0
617.6
588.8
592.0
608.0
588.8
649.6
633.6
588.8
614.4
656.0
640.0
614.4
648.0
640.0
680.0
688.0
665.6
646.4
678.4
691.2
697.6
680.0
665.6
672.0
665.6
640.0
640.0
641.6
614.4
632.0
622.4
640.0
628.8
686.4
691.2
776.0
768.0
768.0
720.0
721.6
691.2
670.4
713.6
665.6
704.0
708.8
742.4
704.0
702.4
716.8
731.2
670.4
691.2
718.4
764.8
665.6
680.0
687.9
1305.6
705.6
681.6
640.0
649.6
638.3
640.0
736.0
718.4
742.4
676.8
716.8
768.0
788.8
696.0
691.2
710.4
740.8
768.0
763.2
700.7
742.4
793.6
784.0
768.0
800.0
817.6
768.0
776.0
777.5
742.4
776.0
776.0
768.0
744.0
742.4
768.0
747.2
713.6
665.6
710.4
716.8
768.0
777.5
745.6
716.8
756.8
809.6
768.0
790.4
816.0
793.6
811.2
750.4
768.0
788.8
694.4
716.8
761.6
720.0
716.8
774.4
803.1
742.4
688.0
675.1
742.4
796.8
865.6
819.2
835.2
782.4
793.6
793.6
784.0
768.0
832.0
841.6
793.6
798.4
843.2
768.0
776.0
768.0
768.0
718.4
763.2
691.2
756.8
801.6
768.0
782.4
801.6
768.0
736.0
721.6
691.2
640.0
663.9
640.0
694.4
737.6
691.2
740.8
774.4
793.6
808.0
803.1
742.4
758.4
790.4
793.6
772.8
841.6
793.6
817.6
768.0
768.0
790.4
798.4
819.2
785.6
751.9
742.4
751.9
760.0
742.4
744.0
745.6
716.8
696.0
691.2
640.0
614.4
657.6
614.4
657.6
616.0
614.4
624.0
614.4
640.0
590.4
633.6
588.8
609.6
584.0
563.2
585.6
548.8
588.8
708.8
747.2
819.2
907.2
868.8
768.0
726.3
753.6
844.8
918.4
806.4
819.2
846.4
876.8
793.6
776.0
784.0
768.0
787.2
736.0
716.8
779.2
865.6
819.2
792.0
777.5
742.4
764.8
670.4
691.2
744.0
744.0
742.4
739.2
689.5
640.0
633.6
608.0
588.8
588.8
654.4
665.6
656.0
662.4
665.6
758.4
792.0
768.0
704.0
713.6
665.6
648.0
656.0
640.0
673.6
646.4
665.6
692.8
755.2
691.2
704.0
704.0
691.2
681.6
648.0
640.0
616.0
617.6
588.8
609.6
566.4
588.8
648.0
664.0
768.0
769.6
894.4
768.0
742.4
774.4
793.6
833.6
795.2
742.4
