864.0
860.8
896.0
961.6
923.2
870.4
918.4
942.4
947.2
956.8
889.6
844.8
884.8
928.0
921.6
846.4
888.0
870.4
902.4
928.0
921.6
864.0
844.8
896.0
904.0
904.0
896.0
838.4
854.4
870.4
915.2
848.0
844.8
894.4
920.0
896.0
830.4
854.4
870.4
904.0
907.2
844.8
825.6
798.4
819.2
876.8
929.6
896.0
841.6
795.2
870.4
953.6
932.8
844.8
809.6
784.0
768.0
726.3
750.4
768.0
1761.6
843.2
768.0
771.2
856.0
844.8
790.4
812.8
844.8
920.0
896.0
896.0
798.4
836.8
870.4
859.2
814.4
819.2
878.4
896.0
896.0
820.8
876.8
921.6
966.4
992.0
972.8
929.6
899.2
844.8
844.8
913.6
870.4
896.0
905.6
870.4
888.0
881.6
844.8
854.4
878.4
896.0
840.0
840.0
819.2
828.8
884.8
793.6
816.0
793.6
768.0
737.6
712.0
691.2
833.6
811.2
870.4
854.4
875.2
947.2
995.2
931.2
870.4
856.0
868.8
896.0
940.8
844.8
896.0
910.4
931.2
870.4
888.0
878.4
896.0
913.6
880.0
870.4
891.2
832.0
819.2
888.0
886.4
896.0
856.0
844.8
896.0
928.0
939.2
870.4
846.4
878.4
896.0
915.2
1750.4
870.4
883.2
838.4
844.8
862.4
878.4
896.0
918.4
798.4
819.2
870.4
916.8
819.2
836.8
876.8
921.6
939.2
884.8
921.6
1017.6
977.6
947.2
878.4
910.4
921.6
980.8
920.0
896.0
