926.4
952.0
947.2
889.6
862.4
870.4
876.8
945.6
896.0
907.2
864.0
844.8
880.0
889.6
844.8
910.4
936.0
921.6
915.2
844.8
896.0
886.4
920.0
896.0
896.0
904.0
896.0
888.0
894.4
896.0
926.4
948.8
870.4
876.8
924.8
972.8
932.8
848.0
844.8
827.2
792.0
768.0
777.5
761.6
716.8
720.0
736.0
716.8
779.2
734.4
742.4
804.8
718.4
742.4
766.4
790.4
793.6
760.0
742.4
768.0
833.6
800.0
793.6
760.0
742.4
768.0
737.6
713.6
665.6
694.4
726.3
742.4
708.8
1390.4
768.0
828.7
747.2
819.2
852.8
784.0
768.0
843.2
785.6
742.4
846.4
884.8
793.6
857.6
843.2
768.0
798.4
843.2
768.0
832.0
827.2
768.0
793.6
907.2
844.8
784.0
782.4
793.6
744.0
753.6
716.8
713.6
680.0
665.6
692.8
758.4
768.0
736.0
734.4
742.4
747.2
697.6
409.6
1068.8
3024.0
1484.8
784.0
260.8
563.2
782.4
411.2
358.4
803.1
745.6
332.8
1228.8
2433.6001
870.4
283.2
494.4
768.0
792.0
782.4
793.6
828.7
766.4
768.0
868.8
784.0
768.0
851.2
811.2
742.4
796.8
859.2
793.6
788.8
827.2
896.0
912.0
916.8
819.2
713.6
672.0
665.6
696.0
704.0
691.2
793.6
785.6
742.4
792.0
769.6
742.4
771.2
867.2
793.6
808.0
803.1
742.4
756.8
817.6
768.0
748.8
814.4
1459.2
788.8
820.8
742.4
769.6
886.4
768.0
819.2
900.8
819.2
827.2
918.4
921.6
944.0
921.6
896.0
920.0
912.0
896.0
902.4
945.6
896.0
937.6
918.4
793.6
