646.4
409.6
512.0
292.8
227.2
281.6
387.2
340.8
1536.0
760.0
510.4
384.0
256.0
280.0
384.0
296.0
284.8
204.8
488.0
248.0
230.4
521.6
504.0
486.4
536.0
518.4
537.6
518.4
558.4
563.2
616.0
622.4
640.0
633.6
590.4
614.4
592.0
601.5
563.2
568.0
585.6
537.6
544.0
542.4
563.2
614.4
651.2
588.8
836.8
742.4
768.0
744.0
750.4
768.0
828.7
742.4
768.0
833.6
801.6
768.0
852.8
915.2
844.8
860.8
897.6
870.4
776.0
788.8
819.2
918.4
816.0
793.6
884.8
796.8
844.8
884.8
804.8
844.8
910.4
934.4
819.2
870.4
907.2
844.8
915.2
992.0
972.8
880.0
892.8
921.6
966.4
862.4
870.4
952.0
948.8
870.4
918.4
936.0
921.6
812.8
851.2
921.6
904.0
908.8
947.2
992.0
864.0
844.8
926.4
958.4
844.8
908.8
966.4
972.8
982.4
888.0
870.4
916.8
961.6
921.6
900.8
950.4
972.8
918.4
926.4
947.2
852.8
900.8
947.2
872.0
884.8
921.6
996.8
916.8
947.2
993.6
956.8
870.4
916.8
950.4
972.8
902.4
934.4
947.2
886.4
912.0
896.0
852.8
899.2
972.8
955.2
918.4
921.6
968.0
963.2
896.0
899.2
846.4
870.4
891.2
827.2
768.0
742.4
779.2
844.8
904.0
915.2
844.8
822.4
857.6
819.2
820.8
870.4
896.0
908.8
828.8
870.4
870.4
907.2
844.8
846.4
878.4
896.0
913.6
870.4
896.0
857.6
838.4
844.8
883.2
828.8
870.4
913.6
883.2
819.2
846.4
892.8
793.6
860.8
913.6
870.4
846.4
880.0
870.4
840.0
830.4
844.8
856.0
860.8
896.0
896.0
896.0
896.0
822.4
862.4
870.4
873.6
854.4
870.4
889.6
846.4
870.4
833.6
814.4
819.2
848.0
849.6
819.2
838.4
868.8
768.0
822.4
865.6
819.2
864.0
856.0
844.8
792.0
790.4
793.6
777.5
750.4
768.0
828.8
892.8
793.6
864.0
851.2
793.6
814.4
832.0
819.2
824.0
827.2
768.0
804.8
852.8
896.0
916.8
830.4
844.8
814.4
832.0
819.2
844.8
897.6
870.4
840.0
841.6
793.6
785.6
755.2
819.2
891.2
825.6
793.6
795.2
881.6
844.8
814.4
840.0
819.2
792.0
792.0
768.0
771.2
726.3
742.4
796.8
860.8
768.0
816.0
817.6
768.0
766.4
772.8
819.2
774.4
808.0
793.6
825.6
809.6
768.0
796.8
852.8
768.0
771.2
723.2
793.6
872.0
881.6
844.8
894.4
902.4
921.6
940.8
848.0
844.8
852.8
920.0
896.0
880.0
870.4
896.0
944.0
929.6
896.0
856.0
854.4
870.4
905.6
880.0
870.4
902.4
929.6
896.0
880.0
889.6
844.8
800.0
816.0
793.6
825.6
817.6
768.0
828.8
878.4
896.0
864.0
859.2
793.6
792.0
780.8
819.2
884.8
816.0
793.6
769.6
745.6
716.8
745.6
731.2
665.6
646.4
684.8
716.8
760.0
753.6
716.8
656.0
656.0
640.0
644.8
713.6
665.6
739.2
801.6
896.0
945.6
897.6
870.4
761.6
720.0
716.8
777.6
894.4
896.0
825.6
814.4
819.2
894.4
912.0
896.0
796.8
852.8
896.0
868.8
790.4
793.6
944.0
942.4
819.2
809.6
772.8
819.2
832.0
827.2
896.0
899.2
849.6
819.2
875.2
838.4
844.8
916.8
830.4
844.8
916.8
819.2
896.0
934.4
969.6
921.6
872.0
872.0
870.4
899.2
854.4
870.4
913.6
881.6
844.8
849.6
832.0
819.2
822.4
856.0
844.8
891.2
828.8
870.4
934.4
947.2
896.0
920.0
918.4
921.6
923.2
894.4
896.0
912.0
907.2
844.8
876.8
937.6
896.0
848.0
846.4
870.4
883.2
838.4
844.8
888.0
875.2
819.2
798.4
822.4
844.8
822.4
865.6
819.2
849.6
840.0
819.2
859.2
806.4
819.2
859.2
796.8
844.8
833.6
817.6
768.0
838.4
849.6
819.2
870.4
920.0
896.0
870.4
904.0
896.0
908.8
840.0
819.2
864.0
857.6
819.2
864.0
844.8
896.0
806.4
830.4
844.8
827.2
776.0
768.0
769.6
745.6
716.8
700.7
751.9
742.4
734.4
756.8
793.6
756.8
816.0
793.6
748.8
816.0
793.6
772.8
840.0
819.2
804.8
848.0
844.8
824.0
830.4
844.8
892.8
803.2
1766.4
881.6
864.0
844.8
843.2
790.4
793.6
854.4
873.6
844.8
888.0
884.8
793.6
830.4
859.2
793.6
888.0
870.4
896.0
822.4
848.0
844.8
832.0
824.0
819.2
833.6
806.4
819.2
868.8
772.8
819.2
840.0
827.2
768.0
800.0
808.0
793.6
768.0
790.4
793.6
792.0
790.4
793.6
868.8
782.4
793.6
832.0
827.2
768.0
798.4
835.2
768.0
832.0
841.6
793.6
798.4
824.0
819.2
790.4
806.4
819.2
804.8
1635.2
793.6
817.6
790.4
793.6
772.8
825.6
793.6
801.6
784.0
768.0
851.2
816.0
793.6
764.8
796.8
844.8
806.4
824.0
819.2
792.0
790.4
793.6
785.6
748.8
793.6
865.6
824.0
819.2
798.4
832.0
819.2
806.4
830.4
844.8
825.6
808.0
793.6
843.2
782.4
793.6
819.2
918.4
793.6
822.4
859.2
793.6
822.4
864.0
844.8
814.4
820.8
870.4
875.2
832.0
819.2
822.4
859.2
793.6
854.4
891.2
819.2
848.0
856.0
844.8
816.0
816.0
793.6
827.2
768.0
768.0
768.0
785.6
742.4
721.6
704.0
691.2
758.4
790.4
793.6
751.9
758.4
768.0
833.6
809.6
768.0
804.8
864.0
844.8
798.4
822.4
844.8
796.8
854.4
870.4
899.2
846.4
870.4
884.8
800.0
793.6
827.2
776.0
768.0
828.8
886.4
896.0
891.2
830.4
844.8
875.2
822.4
844.8
838.4
868.8
768.0
792.0
787.2
716.8
782.4
800.0
793.6
747.2
696.0
691.2
704.0
713.6
665.6
648.0
648.0
640.0
657.6
632.0
614.4
644.8
712.0
691.2
672.0
681.6
640.0
657.6
614.4
640.0
728.0
729.6
691.2
673.6
656.0
640.0
680.0
689.5
640.0
720.0
868.8
896.0
859.2
796.8
844.8
878.4
896.0
896.0
868.8
784.0
768.0
825.6
796.8
844.8
926.4
950.4
972.8
923.2
891.2
819.2
844.8
920.0
896.0
883.2
836.8
870.4
920.0
915.2
844.8
822.4
864.0
844.8
915.2
846.4
870.4
854.4
892.8
793.6
769.6
753.6
716.8
726.3
764.8
793.6
868.8
782.4
793.6
864.0
857.6
819.2
816.0
814.4
819.2
849.6
833.6
793.6
854.4
880.0
870.4
840.0
840.0
819.2
864.0
859.2
793.6
782.4
806.4
819.2
857.6
824.0
819.2
838.4
846.4
870.4
774.4
798.4
819.2
833.6
816.0
793.6
785.6
745.6
716.8
688.0
686.4
691.2
729.6
694.4
716.8
774.4
793.6
768.0
726.3
766.4
768.0
835.2
790.4
793.6
825.6
809.6
768.0
814.4
835.2
768.0
852.8
902.4
921.6
862.4
880.0
870.4
918.4
798.4
819.2
822.4
868.8
768.0
838.4
846.4
870.4
888.0
870.4
896.0
856.0
868.8
768.0
806.4
830.4
844.8
822.4
865.6
819.2
808.0
806.4
819.2
833.6
806.4
819.2
873.6
849.6
819.2
864.0
865.6
819.2
768.0
792.0
768.0
768.0
784.0
768.0
816.0
793.6
768.0
697.6
668.8
716.8
764.8
804.8
844.8
867.2
795.2
742.4
728.0
720.0
716.8
705.6
689.5
640.0
646.4
678.4
691.2
780.8
830.4
716.8
742.4
772.8
819.2
792.0
780.8
819.2
772.8
832.0
819.2
856.0
868.8
768.0
760.0
758.4
768.0
832.0
824.0
819.2
745.6
720.0
716.8
737.6
705.6
665.6
684.8
724.8
768.0
832.0
827.2
768.0
731.2
686.4
691.2
768.0
920.0
896.0
841.6
798.4
819.2
888.0
880.0
870.4
800.0
808.0
793.6
864.0
854.4
870.4
868.8
792.0
768.0
827.2
774.4
793.6
846.4
875.2
819.2
787.2
720.0
716.8
697.6
680.0
665.6
740.8
771.2
844.8
880.0
875.2
819.2
751.9
758.4
768.0
771.2
860.8
896.0
936.0
945.6
896.0
809.6
776.0
768.0
875.2
820.8
742.4
724.8
787.2
844.8
913.6
894.4
768.0
912.0
920.0
896.0
800.0
817.6
768.0
916.8
841.6
793.6
830.4
864.0
844.8
817.6
771.2
716.8
736.0
734.4
742.4
694.4
726.3
742.4
753.6
729.6
691.2
721.6
713.6
665.6
686.4
708.8
742.4
814.4
841.6
793.6
751.9
758.4
768.0
830.4
854.4
870.4
792.0
772.8
819.2
881.6
867.2
793.6
734.4
1406.4
768.0
822.4
851.2
793.6
848.0
856.0
844.8
865.6
835.2
768.0
768.0
776.0
768.0
776.0
768.0
768.0
790.4
816.0
793.6
774.4
800.0
793.6
777.5
751.9
742.4
785.6
760.0
742.4
731.2
670.4
691.2
721.6
704.0
691.2
716.8
784.0
768.0
768.0
779.2
716.8
747.2
827.2
896.0
806.4
832.0
819.2
833.6
803.1
742.4
782.4
808.0
793.6
800.0
811.2
742.4
718.4
750.4
768.0
744.0
742.4
768.0
792.0
768.0
768.0
712.0
712.0
691.2
742.4
776.0
768.0
764.8
806.4
819.2
768.0
776.0
768.0
776.0
769.6
742.4
758.4
772.8
819.2
801.6
784.0
768.0
816.0
808.0
793.6
750.4
785.6
742.4
758.4
774.4
793.6
808.0
793.6
768.0
751.9
744.0
742.4
784.0
787.2
716.8
721.6
712.0
691.2
758.4
782.4
793.6
827.2
787.2
716.8
729.6
694.4
716.8
692.8
764.8
793.6
801.6
787.2
716.8
736.0
728.0
716.8
705.6
680.0
665.6
681.6
663.9
640.0
692.8
753.6
716.8
734.4
748.8
793.6
833.6
803.1
742.4
737.6
694.4
716.8
734.4
745.6
716.8
702.4
723.2
793.6
748.8
806.4
819.2
841.6
795.2
742.4
751.9
758.4
768.0
800.0
817.6
768.0
769.6
744.0
742.4
824.0
843.2
768.0
761.6
724.8
768.0
772.8
825.6
793.6
732.8
774.4
793.6
801.6
792.0
768.0
755.2
712.0
691.2
721.6
694.4
716.8
766.4
792.0
768.0
728.0
728.0
716.8
748.8
798.4
819.2
803.1
751.9
742.4
764.8
806.4
819.2
835.2
784.0
768.0
841.6
817.6
768.0
787.2
726.3
742.4
737.6
712.0
691.2
750.4
782.4
793.6
779.2
728.0
716.8
734.4
744.0
742.4
718.4
742.4
768.0
745.6
731.2
665.6
648.0
648.0
640.0
663.9
644.8
691.2
697.6
673.6
640.0
648.0
657.6
614.4
663.9
644.8
691.2
707.2
648.0
640.0
648.0
646.4
665.6
681.6
663.9
640.0
699.2
1553.6
742.4
728.0
734.4
742.4
785.6
745.6
716.8
734.4
758.4
768.0
745.6
718.4
742.4
710.4
740.8
768.0
892.8
800.0
793.6
830.4
846.4
870.4
875.2
843.2
768.0
798.4
825.6
793.6
832.0
827.2
768.0
784.0
769.6
742.4
787.2
846.4
870.4
883.2
840.0
819.2
854.4
883.2
819.2
840.0
835.2
768.0
769.6
755.2
691.2
716.8
779.2
716.8
734.4
756.8
793.6
801.6
779.2
716.8
734.4
744.0
870.4
913.6
884.8
793.6
788.8
838.4
844.8
751.9
764.8
793.6
902.4
928.0
921.6
801.6
774.4
793.6
804.8
844.8
768.0
790.4
803.2
870.4
876.8
800.0
793.6
774.4
812.8
844.8
784.0
785.6
742.4
830.4
844.8
768.0
785.6
742.4
768.0
833.6
811.2
742.4
758.4
790.4
793.6
844.8
776.0
768.0
814.4
836.8
742.4
716.8
788.8
819.2
873.6
865.6
819.2
769.6
745.6
716.8
707.2
663.9
640.0
700.7
756.8
793.6
851.2
793.6
768.0
696.0
705.6
665.6
649.6
616.0
614.4
616.0
616.0
614.4
1214.4
609.6
563.2
1174.4
560.0
537.6
561.6
536.0
512.0
528.0
528.0
512.0
528.0
512.0
512.0
520.0
520.0
512.0
536.0
536.0
512.0
518.4
552.0
537.6
552.0
560.0
537.6
542.4
566.4
588.8
584.0
584.0
563.2
585.6
560.0
537.6
566.4
598.4
614.4
598.4
633.6
588.8
608.0
598.4
614.4
656.0
640.0
640.0
625.6
600.0
588.8
575.9
585.6
537.6
552.0
552.0
537.6
567.9
1212.8
614.4
624.0
633.6
588.8
624.0
617.6
588.8
592.0
608.0
588.8
649.6
633.6
588.8
614.4
656.0
640.0
614.4
648.0
640.0
680.0
688.0
665.6
646.4
678.4
691.2
697.6
680.0
665.6
672.0
665.6
640.0
640.0
641.6
614.4
632.0
622.4
640.0
628.8
686.4
691.2
776.0
768.0
768.0
720.0
721.6
691.2
670.4
713.6
665.6
704.0
708.8
742.4
704.0
702.4
716.8
731.2
670.4
691.2
718.4
764.8
665.6
680.0
687.9
1305.6
705.6
681.6
640.0
649.6
638.3
640.0
736.0
718.4
742.4
676.8
716.8
768.0
788.8
696.0
691.2
710.4
740.8
768.0
763.2
700.7
742.4
793.6
784.0
768.0
800.0
817.6
768.0
776.0
777.5
742.4
776.0
776.0
768.0
744.0
742.4
768.0
747.2
713.6
665.6
710.4
716.8
768.0
777.5
745.6
716.8
756.8
809.6
768.0
790.4
816.0
793.6
811.2
750.4
768.0
788.8
694.4
716.8
761.6
720.0
716.8
774.4
803.1
742.4
688.0
675.1
742.4
796.8
865.6
819.2
835.2
782.4
793.6
793.6
784.0
768.0
832.0
841.6
793.6
798.4
843.2
768.0
776.0
768.0
768.0
718.4
763.2
691.2
756.8
801.6
768.0
782.4
801.6
768.0
736.0
721.6
691.2
640.0
663.9
640.0
694.4
737.6
691.2
740.8
774.4
793.6
808.0
803.1
742.4
758.4
790.4
793.6
772.8
841.6
793.6
817.6
768.0
768.0
790.4
798.4
819.2
785.6
751.9
742.4
751.9
760.0
742.4
744.0
745.6
716.8
696.0
691.2
640.0
614.4
657.6
614.4
657.6
616.0
614.4
624.0
614.4
640.0
590.4
633.6
588.8
609.6
584.0
563.2
585.6
548.8
588.8
708.8
747.2
819.2
907.2
868.8
768.0
726.3
753.6
844.8
918.4
806.4
819.2
846.4
876.8
793.6
776.0
784.0
768.0
787.2
736.0
716.8
779.2
865.6
819.2
792.0
777.5
742.4
764.8
670.4
691.2
744.0
744.0
742.4
739.2
689.5
640.0
633.6
608.0
588.8
588.8
654.4
665.6
656.0
662.4
665.6
758.4
792.0
768.0
704.0
713.6
665.6
648.0
656.0
640.0
673.6
646.4
665.6
692.8
755.2
691.2
704.0
704.0
691.2
681.6
648.0
640.0
616.0
617.6
588.8
609.6
566.4
588.8
648.0
664.0
768.0
769.6
894.4
768.0
742.4
774.4
793.6
833.6
795.2
742.4
