851.2
811.2
742.4
796.8
859.2
793.6
788.8
827.2
896.0
912.0
916.8
819.2
713.6
672.0
665.6
696.0
704.0
691.2
793.6
785.6
742.4
792.0
769.6
742.4
771.2
867.2
793.6
808.0
803.1
742.4
756.8
817.6
768.0
748.8
814.4
1459.2
788.8
820.8
742.4
769.6
886.4
768.0
819.2
900.8
819.2
827.2
918.4
921.6
944.0
921.6
896.0
920.0
912.0
896.0
902.4
945.6
896.0
937.6
918.4
793.6
772.8
827.2
896.0
908.8
953.6
921.6
995.2
944.0
921.6
928.0
942.4
819.2
868.8
777.5
742.4
777.6
883.2
819.2
825.6
934.4
947.2
924.8
864.0
844.8
721.6
713.6
665.6
1420.8
694.4
716.8
784.0
910.4
793.6
897.6
1016.0
998.4
1033.6
1011.2
947.2
899.2
972.8
1024.0
1024.0
1033.6
998.4
963.2
910.4
921.6
860.8
897.6
998.4
1040.0
1033.6
998.4
968.0
964.8
998.4
1019.2
950.4
972.8
915.2
857.6
947.2
960.0
956.8
870.4
899.2
988.8
1024.0
1073.6
916.8
947.2
972.8
1048.0
1024.0
956.8
883.2
947.2
1014.4
904.0
896.0
1028.8
1099.2
1024.0
902.4
921.6
1024.0
1931.2
854.4
870.4
897.6
889.6
972.8
1035.2
1100.8
1024.0
1040.0
1030.4
1049.6
1044.8
971.2
896.0
985.6
958.4
972.8
1028.8
1099.2
1024.0
1033.6
1022.4
1024.0
1019.2
958.4
972.8
897.6
889.6
972.8
939.2
872.0
998.4
1004.8
1067.2
998.4
947.2
1044.8
947.2
852.8
896.0
1024.0
1033.6
1016.0
870.4
956.8
873.6
844.8
988.8
1024.0
1024.0
992.0
988.8
896.0
948.8
1014.4
1024.0
947.2
1041.6
998.4
974.4
875.2
819.2
915.2
859.2
793.6
827.2
787.1
1484.8
758.4
792.0
768.0
742.4
774.4
793.6
795.2
750.4
768.0
806.4
824.0
819.2
836.8
756.8
793.6
968.0
966.4
972.8
1006.3
1040.0
1024.0
1065.6
1048.0
1024.0
966.4
982.4
998.4
985.6
955.2
896.0
961.6
932.8
844.8
849.6
966.4
972.8
897.6
891.2
947.2
1043.2
996.8
896.0
1017.6
985.6
947.2
899.2
992.0
972.8
958.4
974.4
998.4
977.6
963.2
1024.0
1070.4
956.8
998.4
905.6
891.2
947.2
1054.4
1078.4
972.8
1043.2
1112.0
1100.8
1046.4
1070.4
1075.2
1067.2
1003.2
1075.2
1104.0
1100.8
1024.0
1038.4
1054.4
1075.2
