686.4
692.8
742.4
699.2
259.2
460.8
270.4
4910.3999
819.2
3048.0
1910.4
2560.0
316.8
368.0
3558.3999
1216.0
331.2
384.0
947.2
784.0
896.0
913.6
241.6
332.8
187.2
387.2
588.8
590.4
632.0
614.4
624.0
2686.3
640.0
644.8
704.0
691.2
704.0
705.6
665.6
640.0
649.6
614.4
614.4
648.0
640.0
632.0
624.0
614.4
616.0
616.0
614.4
622.4
648.0
640.0
1246.4
630.4
640.0
670.4
712.0
691.2
673.6
656.0
640.0
640.0
648.0
640.0
660.8
694.4
716.8
736.0
728.0
716.8
680.0
688.0
665.6
686.4
704.0
691.2
672.0
673.6
640.0
640.0
640.0
640.0
648.0
1280.0
640.0
663.9
646.4
665.6
681.6
640.0
640.0
657.6
630.4
640.0
646.4
681.6
640.0
656.0
648.0
640.0
649.6
616.0
614.4
600.0
609.6
563.2
575.9
564.8
2790.3999
561.6
528.0
512.0
512.0
512.0
512.0
496.0
488.0
486.4
505.6
480.0
460.8
928.0
942.4
435.2
456.0
448.0
435.2
883.2
448.0
435.2
438.4
464.0
460.8
467.2
1435.2
486.4
488.0
488.0
486.4
488.0
496.0
486.4
497.6
974.4
486.4
489.6
974.4
486.4
520.0
512.0
512.0
520.0
528.0
512.0
528.0
536.0
512.0
528.0
528.0
512.0
1518.4
520.0
512.0
1057.6
536.0
512.0
536.0
528.0
512.0
536.0
528.0
512.0
536.0
536.0
512.0
536.0
1032.0
512.0
520.0
528.0
512.0
520.0
536.0
512.0
536.0
518.4
537.6
560.0
560.0
537.6
526.4
544.0
537.6
560.0
540.8
588.8
608.0
606.4
614.4
622.4
657.6
614.4
1222.4
600.0
588.8
609.6
577.6
1689.6
566.4
593.6
563.2
568.0
584.0
563.2
566.4
592.0
588.8
584.0
580.8
1126.4
575.9
585.6
537.6
572.8
1148.8
537.6
568.0
577.6
537.6
1686.4
542.4
563.2
568.0
575.9
563.2
585.6
552.0
537.6
544.0
544.0
537.6
544.0
552.0
537.6
544.0
552.0
537.6
560.0
550.3
563.2
609.6
584.0
563.2
600.0
590.4
614.4
592.0
592.0
588.8
568.0
568.0
563.2
585.6
560.0
537.6
560.0
550.3
563.2
609.6
575.9
563.2
566.4
600.0
588.8
568.0
575.9
563.2
582.4
608.0
588.8
588.8
657.6
614.4
622.4
640.0
640.0
600.0
609.6
563.2
585.6
560.0
537.6
550.3
584.0
563.2
592.0
608.0
588.8
608.0
598.4
614.4
627.2
1215.9
563.2
1139.1
575.9
563.2
592.0
609.6
563.2
574.4
592.0
588.8
609.6
575.9
563.2
542.4
568.0
563.2
584.0
575.9
563.2
600.0
590.4
614.4
622.4
663.9
640.0
649.6
624.0
614.4
614.4
649.6
614.4
622.4
646.4
665.6
640.0
657.6
614.4
616.0
635.2
563.2
663.9
646.4
665.6
648.0
656.0
640.0
681.6
654.4
665.6
663.9
640.0
640.0
663.9
656.0
640.0
624.0
633.6
588.8
614.4
649.6
614.4
622.4
646.4
665.6
651.2
1361.6
691.2
694.4
739.2
665.6
665.6
657.6
614.4
656.0
646.4
665.6
648.0
656.0
640.0
624.0
622.4
640.0
704.0
697.6
665.6
702.4
729.6
691.2
680.0
688.0
665.6
689.5
646.4
665.6
1835.2
622.4
640.0
656.0
648.0
640.0
648.0
649.6
614.4
616.0
624.0
614.4
616.0
624.0
614.4
590.4
625.6
588.8
566.4
609.6
563.2
575.9
574.4
588.8
598.4
633.6
588.8
590.4
616.0
614.4
608.0
600.0
588.8
609.6
574.4
588.8
584.0
584.0
563.2
584.0
566.4
588.8
592.0
601.5
563.2
575.9
575.9
563.2
568.0
568.0
563.2
584.0
584.0
563.2
575.9
575.9
563.2
585.6
552.0
537.6
544.0
544.0
537.6
536.0
536.0
512.0
536.0
528.0
512.0
518.4
544.0
537.6
2787.2
560.0
537.6
1123.2
542.4
563.2
569.6
1179.2
614.4
633.6
592.0
588.8
606.4
2283.2
563.2
584.0
566.4
588.8
627.2
1206.4
588.8
608.0
598.4
614.4
632.0
624.0
614.4
624.0
625.6
588.8
564.8
617.6
588.8
590.4
632.0
614.4
625.6
600.0
588.8
609.6
566.4
588.8
575.9
584.0
563.2
566.4
590.4
1254.4
616.0
616.0
614.4
592.0
1753.5
563.2
577.6
552.0
537.6
552.0
552.0
537.6
544.0
544.0
537.6
542.4
584.0
563.2
619.1
1212.8
614.4
614.4
659.2
1228.8
644.8
697.6
665.6
656.0
648.0
640.0
640.0
640.0
640.0
640.0
646.4
665.6
640.0
656.0
640.0
689.5
663.9
640.0
641.6
624.0
614.4
663.9
656.0
640.0
686.4
702.4
716.8
697.6
672.0
665.6
689.5
663.9
640.0
641.6
616.0
614.4
640.0
648.0
640.0
712.0
712.0
691.2
688.0
681.6
640.0
646.4
670.4
691.2
672.0
680.0
665.6
702.4
736.0
716.8
673.6
648.0
640.0
646.4
670.4
691.2
712.0
705.6
665.6
670.4
696.0
691.2
694.4
721.6
691.2
656.0
662.4
665.6
712.0
697.6
665.6
670.4
704.0
691.2
718.4
747.2
691.2
676.8
728.0
716.8
747.2
712.0
691.2
729.6
697.6
665.6
646.4
680.0
665.6
688.0
668.8
716.8
729.6
697.6
665.6
670.4
704.0
691.2
715.1
662.4
665.6
707.2
663.9
640.0
678.4
697.6
665.6
648.0
648.0
640.0
648.0
656.0
640.0
649.6
1262.4
640.0
625.6
590.4
614.4
1169.6
1139.1
563.2
568.0
568.0
563.2
584.0
574.4
588.8
590.4
633.6
588.8
600.0
590.4
614.4
632.0
1774.4
640.0
663.9
663.9
640.0
632.0
616.0
614.4
622.4
644.8
691.2
731.2
689.5
640.0
686.4
708.8
742.4
769.6
745.6
716.8
788.8
712.0
691.2
712.0
702.4
716.8
713.6
678.4
691.2
726.3
763.2
691.2
702.4
718.4
742.4
726.3
763.2
691.2
728.0
728.0
716.8
712.0
713.6
665.6
672.0
689.5
640.0
683.2
750.4
768.0
763.2
712.0
691.2
708.8
751.9
742.4
736.0
716.8
768.0
753.6
736.0
716.8
739.2
673.6
640.0
1256.0
633.6
588.8
614.4
646.4
665.6
681.6
646.4
665.6
663.9
648.0
640.0
624.0
632.0
614.4
680.0
672.0
665.6
1422.4
688.0
665.6
715.1
656.0
640.0
656.0
663.9
640.0
640.0
641.6
998.4
240.0
633.6
588.8
592.0
609.6
563.2
575.9
584.0
563.2
588.8
660.8
691.2
724.8
777.5
742.4
737.6
705.6
665.6
700.7
742.4
768.0
768.0
777.5
742.4
751.9
766.4
768.0
777.5
760.0
742.4
744.0
764.8
665.6
704.0
713.6
665.6
704.0
697.6
665.6
700.8
1404.8
665.6
712.0
705.6
665.6
672.0
665.6
640.0
656.0
640.0
1280.0
640.0
649.6
614.4
598.4
624.0
614.4
600.0
608.0
588.8
625.6
1124.8
768.0
657.6
614.4
2432.0
630.4
656.0
640.0
640.0
657.6
614.4
622.4
663.9
640.0
665.6
640.0
640.0
662.4
678.4
691.2
665.6
656.0
640.0
640.0
649.5
2406.3999
632.0
632.0
614.4
590.4
625.6
588.8
590.4
633.6
588.8
632.0
638.3
640.0
651.2
1873.6
691.2
697.6
689.5
640.0
640.0
656.0
640.0
662.4
681.6
640.0
648.0
663.9
640.0
657.6
624.0
614.4
649.6
622.4
640.0
614.4
640.0
640.0
632.0
636.8
665.6
681.6
663.9
640.0
672.0
673.6
640.0
704.0
697.6
665.6
1363.2
672.0
665.6
1296.0
646.4
665.6
715.1
662.4
665.6
704.0
697.6
665.6
707.2
662.4
665.6
696.0
713.6
665.6
640.0
648.0
640.0
632.0
632.0
614.4
624.0
633.6
588.8
592.0
611.2
1177.6
622.4
640.0
640.0
633.6
590.4
614.4
603.2
1196.8
588.8
624.0
633.6
588.8
608.0
608.0
588.8
592.0
592.0
588.8
614.4
663.9
640.0
649.6
616.0
614.4
624.0
630.4
640.0
668.8
1374.4
614.4
630.4
646.4
665.6
710.4
728.0
716.8
680.0
688.0
665.6
640.0
648.0
640.0
646.4
672.0
665.6
1264.0
614.4
640.0
663.9
648.0
640.0
680.0
665.6
640.0
656.0
663.9
640.0
663.9
654.4
665.6
689.5
656.0
640.0
648.0
652.8
691.2
713.6
681.6
640.0
657.6
614.4
640.0
624.0
633.6
588.8
1220.8
632.0
614.4
616.0
624.0
614.4
616.0
632.0
614.4
657.6
624.0
614.4
632.0
630.4
640.0
640.0
657.6
614.4
1179.2
624.0
614.4
616.0
616.0
614.4
649.6
624.0
614.4
598.4
632.0
614.4
640.0
657.6
614.4
656.0
656.0
640.0
649.6
616.0
614.4
632.0
638.3
640.0
657.6
616.0
614.4
592.0
609.6
563.2
1187.2
632.0
614.4
592.0
600.0
588.8
609.6
584.0
563.2
633.6
592.0
588.8
609.6
574.4
588.8
566.4
600.0
588.8
624.0
633.6
588.8
592.0
592.0
588.8
600.0
600.0
588.8
574.4
598.4
614.4
648.0
641.6
614.4
633.6
598.4
614.4
630.4
648.0
640.0
659.2
600.0
588.8
608.0
598.4
614.4
600.0
590.4
614.4
624.0
633.6
588.8
600.0
609.6
563.2
609.6
574.4
588.8
630.4
663.9
640.0
641.6
616.0
614.4
598.4
633.6
588.8
600.0
598.4
614.4
656.0
648.0
640.0
616.0
616.0
614.4
608.0
600.0
588.8
624.0
616.0
614.4
590.4
616.0
614.4
633.6
595.2
1177.6
608.0
598.4
614.4
663.9
640.0
640.0
656.0
646.4
665.6
673.6
656.0
640.0
686.4
694.4
716.8
720.0
729.6
691.2
1303.9
663.9
640.0
616.0
624.0
614.4
614.4
648.0
640.0
696.0
713.6
665.6
686.4
710.4
716.8
736.0
720.0
716.8
696.0
715.1
640.0
624.0
616.0
614.4
598.4
622.4
640.0
710.4
726.3
742.4
753.6
736.0
716.8
713.6
689.5
640.0
625.6
608.0
588.8
632.0
624.0
614.4
662.4
668.8
716.8
686.4
708.8
742.4
768.0
779.2
716.8
736.0
718.4
742.4
688.0
670.4
691.2
710.4
728.0
716.8
670.4
712.0
691.2
696.0
713.6
665.6
705.6
680.0
665.6
681.6
648.0
640.0
616.0
633.6
588.8
609.6
1727.9
563.2
608.0
592.0
588.8
590.4
632.0
614.4
616.0
632.0
614.4
654.4
670.4
691.2
681.6
648.0
640.0
656.0
663.9
640.0
649.6
624.0
614.4
632.0
622.4
640.0
657.6
632.0
614.4
654.4
670.4
691.2
696.0
715.1
640.0
681.6
657.6
614.4
657.6
633.6
588.8
632.0
614.4
640.0
648.0
657.6
614.4
663.9
649.6
614.4
663.9
656.0
640.0
614.4
640.0
640.0
656.0
656.0
640.0
614.4
657.6
614.4
656.0
663.9
640.0
657.6
632.0
614.4
624.0
633.6
588.8
609.6
584.0
563.2
1180.8
593.6
1715.2
584.0
564.8
614.4
651.2
598.4
614.4
646.4
675.2
614.4
614.4
663.9
640.0
665.6
648.0
640.0
646.4
681.6
640.0
867.1
3104.0
793.6
779.2
731.2
665.6
656.0
648.0
640.0
619.2
2507.1001
640.0
702.4
720.0
716.8
707.2
648.0
640.0
625.6
608.0
588.8
600.0
601.5
563.2
584.0
564.8
614.4
622.4
648.0
640.0
640.0
640.0
640.0
640.0
657.6
614.4
598.4
616.0
614.4
625.6
590.4
614.4
622.4
656.0
640.0
641.6
632.0
614.4
640.0
649.6
614.4
662.4
667.2
742.4
720.0
732.8
640.0
640.0
648.0
640.0
649.6
622.4
640.0
668.8
726.3
742.4
771.2
726.4
1382.4
715.1
662.4
665.6
654.4
678.4
691.2
686.4
697.6
665.6
713.6
668.8
716.8
760.0
760.0
742.4
728.0
731.2
665.6
697.6
688.0
665.6
704.0
696.0
691.2
696.0
713.6
665.6
646.4
680.0
665.6
688.0
680.0
665.6
672.0
665.6
640.0
640.0
648.0
640.0
640.0
649.6
614.4
606.4
614.4
640.0
614.4
663.9
640.0
665.6
656.0
640.0
678.4
713.6
665.6
680.0
670.4
691.2
656.0
646.4
665.6
678.4
704.0
691.2
663.9
663.9
640.0
640.0
1297.6
614.4
644.8
710.4
716.8
697.6
688.0
665.6
710.4
726.3
742.4
702.4
737.6
1331.2
678.4
705.6
665.6
678.4
702.4
716.8
758.4
777.5
742.4
696.0
713.6
665.6
646.4
688.0
665.6
680.0
678.4
691.2
734.4
758.4
768.0
761.6
720.0
716.8
720.0
731.2
665.6
670.4
707.2
640.0
649.6
632.0
614.4
616.0
624.0
614.4
633.6
590.4
614.4
614.4
648.0
640.0
622.4
663.9
640.0
648.0
663.9
640.0
670.4
699.2
640.0
680.0
688.0
665.6
688.0
678.4
691.2
697.6
688.0
665.6
656.0
656.0
640.0
663.9
648.0
1280.0
648.0
657.6
614.4
720.0
721.6
691.2
624.0
614.4
640.0
640.0
640.0
640.0
624.0
632.0
614.4
648.0
646.4
665.6
678.4
712.0
691.2
715.1
654.4
665.6
616.0
624.0
614.4
624.0
633.6
588.8
608.0
608.0
588.8
633.6
598.4
614.4
614.4
648.0
640.0
641.6
624.0
614.4
648.0
649.6
614.4
654.4
670.4
691.2
720.0
739.2
665.6
696.0
713.6
665.6
689.5
646.4
665.6
656.0
663.9
640.0
686.4
694.4
716.8
721.6
713.6
665.6
688.0
672.0
665.6
680.0
688.0
665.6
663.9
663.9
640.0
688.0
681.6
640.0
663.9
646.4
665.6
665.6
663.9
640.0
646.4
689.5
640.0
688.0
670.4
691.2
713.6
678.4
691.2
681.6
646.4
665.6
649.6
630.4
640.0
662.4
688.0
665.6
646.4
688.0
665.6
697.6
672.0
665.6
668.8
737.6
691.2
689.5
654.4
665.6
680.0
673.6
640.0
646.4
680.0
665.6
654.4
680.0
665.6
646.4
672.0
665.6
663.9
646.4
665.6
673.6
644.8
691.2
672.0
678.4
691.2
696.0
705.6
665.6
672.0
681.6
640.0
654.4
686.4
691.2
721.6
696.0
691.2
720.0
721.6
691.2
704.0
704.0
691.2
672.0
680.0
665.6
681.6
646.4
665.6
688.0
672.0
665.6
632.0
632.0
614.4
670.4
704.0
691.2
656.0
663.9
640.0
681.6
656.0
640.0
590.4
617.6
588.8
632.0
614.4
640.0
681.6
640.0
640.0
662.4
670.4
691.2
697.6
689.5
640.0
678.4
704.0
691.2
646.4
678.4
691.2
689.5
654.4
665.6
680.0
673.6
640.0
646.4
680.0
665.6
654.4
680.0
665.6
646.4
672.0
665.6
663.9
646.4
665.6
673.6
644.8
691.2
672.0
678.4
691.2
696.0
705.6
665.6
672.0
681.6
640.0
654.4
686.4
691.2
721.6
696.0
691.2
720.0
721.6
691.2
704.0
704.0
691.2
672.0
680.0
665.6
681.6
646.4
665.6
688.0
672.0
665.6
632.0
632.0
614.4
670.4
704.0
691.2
656.0
663.9
640.0
681.6
656.0
640.0
590.4
617.6
588.8
632.0
614.4
640.0
681.6
640.0
640.0
662.4
670.4
691.2
697.6
689.5
640.0
678.4
704.0
691.2
646.4
678.4
691.2
670.4
696.0
691.2
665.6
640.0
640.0
644.8
712.0
691.2
646.4
688.0
665.6
697.6
678.4
691.2
736.0
736.0
716.8
670.4
712.0
691.2
720.0
731.2
665.6
640.0
648.0
640.0
632.0
632.0
614.4
657.6
614.4
640.0
663.9
646.4
665.6
680.0
680.0
665.6
656.0
648.0
640.0
654.4
680.0
665.6
663.9
654.4
665.6
663.9
663.9
640.0
670.4
707.2
640.0
696.0
715.1
640.0
654.4
681.6
640.0
662.4
667.2
742.4
694.4
716.8
768.0
774.4
809.6
768.0
729.6
696.0
691.2
624.0
624.0
614.4
641.6
614.4
640.0
670.4
696.0
691.2
665.6
640.0
640.0
644.8
712.0
691.2
646.4
688.0
665.6
697.6
678.4
691.2
736.0
736.0
716.8
670.4
712.0
691.2
720.0
731.2
665.6
640.0
648.0
640.0
632.0
632.0
614.4
657.6
614.4
640.0
663.9
646.4
665.6
680.0
680.0
665.6
656.0
648.0
640.0
654.4
680.0
665.6
663.9
654.4
665.6
663.9
663.9
640.0
670.4
707.2
640.0
696.0
715.1
640.0
654.4
681.6
640.0
662.4
667.2
742.4
694.4
716.8
768.0
774.4
809.6
768.0
729.6
696.0
691.2
624.0
624.0
614.4
641.6
614.4
640.0
640.0
654.4
665.6
710.4
739.2
665.6
696.0
712.0
691.2
712.0
700.7
742.4
779.2
728.0
716.8
712.0
691.2
768.0
776.0
785.6
742.4
744.0
761.6
716.8
728.0
729.6
691.2
672.0
673.6
640.0
643.2
718.4
742.4
779.2
720.0
716.8
721.6
702.4
716.8
744.0
753.6
716.8
758.4
771.2
716.8
736.0
731.2
665.6
710.4
726.3
742.4
787.2
736.0
716.8
751.9
760.0
742.4
704.0
696.0
691.2
726.3
751.9
742.4
729.6
712.0
691.2
686.4
694.4
716.8
737.6
696.0
691.2
723.2
686.4
691.2
712.0
696.0
691.2
720.0
731.2
665.6
3572.8
1580.8
588.8
600.0
592.0
588.8
576.0
1736.0
563.2
609.6
1222.4
588.8
600.0
590.4
614.4
624.0
625.6
588.8
592.0
592.0
588.8
568.0
575.9
563.2
566.4
592.0
588.8
600.0
598.4
614.4
630.4
646.4
665.6
707.2
663.9
640.0
670.4
702.4
716.8
715.1
648.0
640.0
678.4
710.4
716.8
644.8
712.0
691.2
744.0
755.2
691.2
704.0
705.6
665.6
662.4
670.4
691.2
705.6
680.0
665.6
764.8
684.8
716.8
784.0
769.6
742.4
700.7
766.4
768.0
718.4
764.8
665.6
726.3
758.4
768.0
809.6
787.2
716.8
720.0
721.6
691.2
681.6
646.4
665.6
667.2
755.2
691.2
772.8
822.4
844.8
718.4
761.6
716.8
760.0
742.4
768.0
811.2
742.4
768.0
777.5
751.9
742.4
692.8
742.4
768.0
750.4
768.0
768.0
776.0
787.2
716.8
764.8
670.4
691.2
728.0
718.4
742.4
732.8
790.4
793.6
844.8
774.4
793.6
774.4
803.1
742.4
751.9
744.0
742.4
751.9
751.9
742.4
702.4
729.6
691.2
760.0
742.4
768.0
742.4
1427.2
716.8
777.5
747.2
691.2
712.0
694.4
716.8
1379.2
665.6
768.0
712.0
712.0
691.2
736.0
731.2
665.6
712.0
692.8
742.4
771.2
721.6
691.2
726.3
766.4
768.0
787.2
737.6
691.2
710.4
718.4
742.4
705.6
672.0
665.6
692.8
750.4
768.0
737.6
707.2
768.0
792.0
792.0
768.0
800.0
809.6
768.0
704.0
712.0
691.2
723.2
1454.4
691.2
670.4
702.4
716.8
670.4
694.4
716.8
777.5
763.2
691.2
681.6
640.0
640.0
656.0
654.4
665.6
684.8
739.2
793.6
841.6
812.8
716.8
718.4
760.0
742.4
771.2
718.4
742.4
772.8
824.0
819.2
742.4
777.5
742.4
705.6
673.6
640.0
