792.0
768.0
768.0
728.0
718.4
742.4
763.2
702.4
716.8
768.0
776.0
768.0
796.8
852.8
768.0
782.4
816.0
793.6
780.8
824.0
819.2
904.0
896.0
896.0
859.2
798.4
819.2
808.0
806.4
819.2
774.4
801.6
768.0
822.4
868.8
768.0
828.8
872.0
870.4
675.2
235.2
307.2
344.0
3800.0
588.8
462.4
1776.0
1126.4
544.0
552.0
3353.6001
603.2
305.6
512.0
2619.2
534.4
281.6
662.4
798.4
563.2
304.0
427.2
614.4
264.0
651.2
588.8
1094.4
1243.2
1561.6
272.0
790.4
537.6
265.6
2039.9
358.4
236.8
1968.0
2073.6001
331.2
264.0
1152.0
2520.0
3676.8
1024.0
600.0
468.8
512.0
278.4
668.8
3276.8
375.9
368.0
1126.4
360.0
1262.3
1024.0
782.4
289.6
512.0
569.6
542.4
307.2
440.0
571.2
640.0
579.2
406.4
665.6
1198.4
700.8
230.4
379.2
331.2
384.0
203.2
1030.3
281.6
241.6
350.4
230.4
808.0
2856.0
409.6
886.4
912.0
1664.0
4513.6001
403.2
1356.8
1016.0
752.0
230.4
3959.8999
377.6
460.8
3728.0
1038.4
921.6
443.2
2060.8
947.2
2168.0
742.4
1536.0
1230.4
636.8
1689.6
616.0
361.6
332.8
731.2
940.8
460.8
531.2
1113.6
307.2
1131.2
1332.8
742.4
3454.3999
513.6
998.4
942.4
190.4
1228.8
1084.8
1788.8
537.6
1380.8
3094.3999
4121.6001
1310.4
1340.8
230.4
430.4
707.2
512.0
1764.8
401.6
486.4
441.6
1307.2
358.4
438.4
1113.6
307.2
296.0
944.0
409.6
288.0
667.2
998.4
241.6
3027.2
1177.6
867.2
2472.0
1049.6
799.9
283.2
358.4
864.0
2254.3999
1510.4
336.0
721.6
1587.2
1651.1
564.8
2022.4
2334.3999
1091.2
1408.0
496.0
374.4
1024.0
360.0
627.2
2739.2
547.2
510.4
768.0
368.0
366.4
256.0
368.0
1126.4
1792.0
1587.2
2702.3999
793.6
518.4
672.0
5657.6001
374.4
278.4
281.6
771.2
2020.7
640.0
272.0
265.6
1126.4
2449.6001
2553.6001
332.8
323.2
788.8
179.2
1004.8
1305.6
384.0
272.0
523.2
844.8
876.8
1201.5
640.0
342.4
499.2
947.2
1107.2
667.2
870.4
472.0
206.4
486.4
320.0
312.0
179.2
553.6
259.2
204.8
571.2
256.0
384.0
350.4
507.2
435.2
238.4
280.0
256.0
2342.3999
1976.0
179.2
3960.0
1643.2
179.2
608.0
1118.4
486.4
540.8
342.4
1510.4
1129.6
228.8
896.0
395.2
475.2
281.6
312.0
576.0
435.2
172.8
598.4
230.4
649.6
246.4
1280.0
225.6
1723.2
384.0
736.0
356.8
256.0
2688.0
264.0
256.0
742.4
272.0
640.0
492.8
1318.4
691.2
2548.8
166.4
307.2
284.8
224.0
1228.8
985.6
457.6
409.6
364.7
296.0
1689.6
1089.6
684.8
972.8
275.2
481.6
3507.2
243.2
316.7
742.4
502.4
1555.2
332.8
548.8
1241.6
1459.2
780.8
324.8
1638.4
692.8
1515.1
1203.2
1464.0
2752.0
307.2
531.2
1633.6
1843.2
668.8
1633.6
307.2
236.8
809.6
1280.0
1854.4
344.0
588.8
275.1
1502.3
358.4
384.0
270.4
537.6
196.8
486.4
256.0
548.8
3411.2
793.6
1672.0
913.5
358.4
224.0
726.4
486.4
4849.6001
352.0
1228.8
403.2
214.4
2150.3999
779.2
739.2
537.6
1155.2
1489.6
2099.2
368.0
380.8
409.6
355.2
414.4
947.2
1318.4
454.4
1100.8
1019.2
960.0
307.2
435.2
403.1
1484.8
172.8
1249.6
691.2
535.9
662.4
665.6
1448.0
4769.6001
256.0
1020.8
3633.6001
1920.0
627.2
1348.8
742.4
532.8
568.0
435.2
228.8
1163.2
332.8
404.8
5190.3999
204.8
5140.7998
571.2
1536.0
638.4
2177.6001
358.4
920.0
265.6
486.4
174.4
843.2
384.0
2268.8
400.0
768.0
449.6
1052.8
716.8
153.6
790.4
281.6
436.8
358.4
256.0
283.2
254.4
384.0
1212.8
377.6
716.8
457.6
668.8
204.8
667.2
491.2
691.2
1611.2
267.2
1356.8
251.2
184.0
435.2
528.0
646.4
409.6
259.2
353.6
691.2
556.8
851.1
281.6
259.2
204.8
256.0
198.4
211.2
1305.6
537.6
260.8
435.2
260.8
315.1
1024.0
526.4
928.0
1433.6
275.2
1240.0
1612.8
1676.8
441.6
1177.6
449.6
294.3
563.2
1187.2
1140.8
281.6
412.8
1750.4
358.4
470.4
627.2
1843.2
1033.6
371.2
819.2
401.6
758.4
1536.0
356.8
257.6
870.4
219.2
427.2
998.4
603.2
808.0
793.6
4136.0
816.0
281.6
241.6
1110.3
742.4
5131.2002
601.6
819.2
1281.6
2419.2
435.2
569.5
304.0
281.6
825.6
550.3
563.2
228.8
256.0
640.0
691.2
904.0
512.0
513.6
368.0
1126.4
774.4
681.6
512.0
427.2
236.7
281.6
456.0
961.6
281.6
809.6
664.0
384.0
497.6
860.8
768.0
305.6
280.0
256.0
1596.7
761.6
332.8
396.7
574.4
204.8
740.8
384.0
384.0
592.0
344.0
204.8
260.8
321.6
281.6
504.0
232.0
742.4
673.6
388.8
563.2
476.8
273.6
230.4
414.4
574.4
972.8
483.2
939.2
230.4
816.0
940.7
1484.8
2600.0
4761.6001
256.0
492.8
420.8
460.8
1969.6
140.8
435.2
2731.2
232.0
230.4
473.6
329.6
1049.6
352.0
852.8
256.0
332.8
652.8
1203.2
756.8
1702.4
435.2
179.2
393.6
1638.4
390.4
5416.0
1689.6
614.4
649.5
742.4
587.1
657.6
2534.3999
660.8
1336.0
563.2
1352.0
315.2
640.0
952.0
329.6
921.6
507.2
571.2
384.0
899.2
227.2
1177.6
268.8
446.4
204.8
480.0
336.0
460.8
328.0
577.6
409.6
227.2
932.8
588.8
657.6
750.4
256.0
264.0
523.2
332.8
1395.2
2358.3999
332.8
268.8
836.8
2150.3999
332.8
654.4
281.6
385.6
246.4
256.0
491.2
568.0
307.2
404.8
185.5
281.6
299.2
252.8
537.6
1806.4
304.0
281.6
2443.2
353.6
179.2
1824.0
539.2
614.4
1190.4
312.0
307.2
313.5
300.8
972.8
1164.8
1089.6
1689.6
1697.6
772.8
435.2
3089.6001
1385.6
972.8
212.8
404.8
435.2
217.6
440.0
947.2
492.8
2472.0
281.6
307.2
641.6
230.4
603.2
944.0
921.6
369.6
336.0
1740.8
1196.8
464.0
844.8
3748.8
1358.4
1766.4
1286.4
683.2
230.4
635.2
331.2
256.0
270.4
172.8
204.8
299.2
616.0
358.4
580.8
244.8
153.6
321.6
796.8
332.8
412.8
206.4
486.4
200.0
449.6
281.6
444.8
499.1
563.2
1024.0
1035.2
1228.8
337.6
1483.2
384.0
2558.3
640.0
256.0
664.0
1796.8
307.2
502.4
529.5
358.4
771.2
356.8
256.0
228.7
1540.8
1843.2
684.8
593.6
179.2
268.8
312.0
435.2
1121.6
195.2
256.0
548.8
350.4
486.4
985.6
969.6
665.6
214.3
763.2
179.2
672.0
176.0
665.6
388.8
449.6
153.6
345.6
182.4
332.8
248.0
248.0
230.4
278.4
297.6
256.0
411.2
631.9
358.4
267.2
204.8
384.0
259.2
608.0
204.8
276.8
456.0
435.2
553.6
1153.6
486.4
803.2
1016.0
2150.3999
496.0
617.6
332.8
228.8
1163.2
2380.8
3182.3999
534.4
665.6
524.8
950.4
716.8
790.4
929.6
896.0
422.4
184.0
1331.2
2476.8
225.6
435.2
379.2
200.0
691.2
926.4
184.0
307.2
859.2
299.2
614.4
515.2
475.2
153.6
236.8
945.6
1792.0
1152.0
1428.8
1459.2
179.2
536.0
384.0
1596.8
1259.2
435.2
3323.2
318.4
588.8
737.6
697.6
409.6
371.2
1204.8
614.4
275.2
467.1
281.6
208.0
350.4
230.4
233.6
344.0
460.8
817.6
395.2
332.8
328.0
1096.0
179.2
448.0
324.7
358.4
1806.4
286.4
435.2
958.4
731.2
409.6
280.0
1683.2
204.8
606.3
363.2
307.2
352.0
350.4
486.4
403.2
1238.4
486.4
966.4
206.4
230.4
521.6
252.8
1433.6
371.2
446.4
204.8
240.0
233.6
844.8
563.2
910.4
665.6
270.4
409.6
256.0
