686.4
692.8
742.4
699.2
259.2
460.8
270.4
4910.3999
819.2
3048.0
1910.4
2560.0
316.8
368.0
3558.3999
1216.0
331.2
384.0
947.2
784.0
896.0
913.6
241.6
332.8
187.2
387.2
588.8
590.4
632.0
614.4
624.0
2686.3
640.0
644.8
704.0
691.2
704.0
705.6
665.6
640.0
649.6
614.4
614.4
648.0
640.0
632.0
624.0
614.4
616.0
616.0
614.4
622.4
648.0
640.0
1246.4
630.4
640.0
670.4
712.0
691.2
673.6
656.0
640.0
640.0
648.0
640.0
660.8
694.4
716.8
736.0
728.0
716.8
680.0
688.0
665.6
686.4
704.0
691.2
672.0
673.6
640.0
640.0
640.0
640.0
648.0
1280.0
640.0
663.9
646.4
665.6
681.6
640.0
640.0
657.6
630.4
640.0
646.4
681.6
640.0
656.0
648.0
640.0
649.6
616.0
614.4
600.0
609.6
563.2
575.9
564.8
2790.3999
561.6
528.0
512.0
512.0
512.0
512.0
496.0
488.0
486.4
505.6
480.0
460.8
928.0
942.4
435.2
456.0
448.0
435.2
883.2
448.0
435.2
438.4
464.0
460.8
467.2
1435.2
486.4
488.0
488.0
486.4
488.0
496.0
486.4
497.6
974.4
486.4
489.6
974.4
486.4
520.0
512.0
512.0
520.0
528.0
512.0
528.0
536.0
512.0
528.0
528.0
512.0
1518.4
520.0
512.0
1057.6
536.0
512.0
536.0
528.0
512.0
536.0
528.0
512.0
536.0
536.0
512.0
536.0
1032.0
512.0
520.0
528.0
512.0
520.0
536.0
512.0
536.0
518.4
537.6
560.0
560.0
537.6
526.4
544.0
537.6
560.0
540.8
588.8
608.0
606.4
614.4
622.4
657.6
614.4
1222.4
600.0
588.8
609.6
577.6
1689.6
566.4
593.6
563.2
568.0
584.0
563.2
566.4
592.0
588.8
584.0
580.8
1126.4
575.9
585.6
537.6
572.8
1148.8
537.6
568.0
577.6
537.6
1686.4
542.4
563.2
568.0
575.9
563.2
585.6
552.0
537.6
544.0
544.0
537.6
544.0
552.0
537.6
544.0
552.0
537.6
560.0
550.3
563.2
609.6
584.0
563.2
600.0
590.4
614.4
592.0
592.0
588.8
568.0
568.0
563.2
585.6
560.0
537.6
560.0
550.3
563.2
609.6
575.9
563.2
566.4
600.0
588.8
568.0
575.9
563.2
582.4
608.0
588.8
588.8
657.6
614.4
622.4
640.0
640.0
600.0
609.6
563.2
585.6
560.0
537.6
550.3
584.0
563.2
592.0
608.0
588.8
608.0
598.4
614.4
627.2
1215.9
563.2
1139.1
575.9
563.2
592.0
609.6
563.2
574.4
592.0
588.8
609.6
575.9
563.2
542.4
568.0
563.2
584.0
575.9
563.2
600.0
590.4
614.4
622.4
663.9
640.0
649.6
624.0
614.4
614.4
649.6
614.4
622.4
646.4
665.6
640.0
657.6
614.4
616.0
635.2
563.2
663.9
646.4
665.6
648.0
656.0
640.0
681.6
654.4
665.6
663.9
640.0
640.0
663.9
656.0
640.0
624.0
633.6
588.8
614.4
649.6
614.4
622.4
646.4
665.6
651.2
1361.6
691.2
694.4
739.2
665.6
665.6
657.6
614.4
656.0
646.4
665.6
648.0
656.0
640.0
624.0
622.4
640.0
704.0
697.6
665.6
702.4
729.6
691.2
680.0
688.0
665.6
689.5
646.4
665.6
1835.2
622.4
640.0
656.0
648.0
640.0
648.0
649.6
614.4
616.0
624.0
614.4
616.0
624.0
614.4
590.4
625.6
588.8
566.4
609.6
563.2
575.9
574.4
588.8
598.4
633.6
588.8
590.4
616.0
614.4
608.0
600.0
588.8
609.6
574.4
588.8
584.0
584.0
563.2
584.0
566.4
588.8
592.0
601.5
563.2
575.9
575.9
563.2
568.0
568.0
563.2
584.0
584.0
563.2
575.9
575.9
563.2
585.6
552.0
537.6
544.0
544.0
537.6
536.0
536.0
512.0
536.0
528.0
512.0
518.4
544.0
537.6
2787.2
560.0
537.6
1123.2
542.4
563.2
569.6
1179.2
614.4
633.6
592.0
588.8
606.4
2283.2
563.2
584.0
566.4
588.8
627.2
1206.4
588.8
608.0
598.4
614.4
632.0
624.0
614.4
624.0
625.6
588.8
564.8
617.6
588.8
590.4
632.0
614.4
625.6
600.0
588.8
609.6
566.4
588.8
575.9
584.0
563.2
566.4
590.4
1254.4
616.0
616.0
614.4
592.0
1753.5
563.2
577.6
552.0
537.6
552.0
552.0
537.6
544.0
544.0
537.6
542.4
584.0
563.2
619.1
1212.8
614.4
614.4
659.2
1228.8
644.8
697.6
665.6
656.0
648.0
640.0
640.0
640.0
640.0
640.0
646.4
665.6
640.0
656.0
640.0
689.5
663.9
640.0
641.6
624.0
614.4
663.9
656.0
640.0
686.4
702.4
716.8
697.6
672.0
665.6
689.5
663.9
640.0
641.6
616.0
614.4
640.0
648.0
640.0
712.0
712.0
691.2
688.0
681.6
640.0
646.4
670.4
691.2
672.0
680.0
665.6
702.4
736.0
716.8
673.6
648.0
640.0
646.4
670.4
691.2
712.0
705.6
665.6
670.4
696.0
691.2
694.4
721.6
691.2
656.0
662.4
665.6
712.0
697.6
665.6
670.4
704.0
691.2
718.4
747.2
691.2
676.8
728.0
716.8
747.2
712.0
691.2
729.6
697.6
665.6
646.4
680.0
665.6
688.0
668.8
716.8
729.6
697.6
665.6
670.4
704.0
691.2
715.1
662.4
665.6
707.2
663.9
640.0
678.4
697.6
665.6
648.0
648.0
640.0
648.0
656.0
640.0
649.6
1262.4
640.0
625.6
590.4
614.4
1169.6
1139.1
563.2
568.0
568.0
563.2
584.0
574.4
588.8
590.4
633.6
588.8
600.0
590.4
614.4
632.0
1774.4
640.0
663.9
663.9
640.0
632.0
616.0
614.4
622.4
644.8
691.2
731.2
689.5
640.0
686.4
708.8
742.4
769.6
745.6
716.8
788.8
712.0
691.2
712.0
702.4
716.8
713.6
678.4
691.2
726.3
763.2
691.2
702.4
718.4
742.4
726.3
763.2
691.2
728.0
728.0
716.8
712.0
713.6
665.6
672.0
689.5
640.0
683.2
750.4
768.0
763.2
712.0
691.2
708.8
751.9
742.4
736.0
716.8
768.0
753.6
736.0
716.8
739.2
673.6
640.0
1256.0
633.6
588.8
614.4
646.4
665.6
681.6
646.4
665.6
663.9
648.0
640.0
624.0
632.0
614.4
680.0
672.0
665.6
1422.4
688.0
665.6
715.1
656.0
640.0
656.0
663.9
640.0
640.0
641.6
998.4
240.0
633.6
588.8
592.0
609.6
563.2
575.9
584.0
563.2
588.8
660.8
691.2
724.8
777.5
742.4
737.6
705.6
665.6
700.7
742.4
768.0
768.0
777.5
742.4
751.9
766.4
768.0
777.5
760.0
742.4
744.0
764.8
665.6
704.0
713.6
665.6
704.0
697.6
665.6
700.8
1404.8
665.6
712.0
705.6
665.6
672.0
665.6
640.0
656.0
640.0
1280.0
640.0
649.6
614.4
598.4
624.0
614.4
600.0
608.0
588.8
625.6
1124.8
768.0
657.6
614.4
2432.0
630.4
656.0
640.0
640.0
657.6
614.4
622.4
663.9
640.0
665.6
640.0
640.0
662.4
678.4
691.2
665.6
656.0
640.0
640.0
649.5
2406.3999
632.0
632.0
614.4
590.4
625.6
588.8
590.4
633.6
588.8
632.0
638.3
640.0
651.2
1873.6
691.2
697.6
689.5
640.0
640.0
656.0
640.0
662.4
681.6
640.0
648.0
663.9
640.0
657.6
624.0
614.4
649.6
622.4
640.0
614.4
640.0
640.0
632.0
636.8
665.6
681.6
663.9
640.0
672.0
673.6
640.0
704.0
697.6
665.6
1363.2
672.0
665.6
1296.0
646.4
665.6
715.1
662.4
665.6
704.0
697.6
665.6
707.2
662.4
665.6
696.0
713.6
665.6
640.0
648.0
640.0
632.0
632.0
614.4
624.0
633.6
588.8
592.0
611.2
1177.6
622.4
640.0
640.0
633.6
590.4
614.4
603.2
1196.8
588.8
624.0
633.6
588.8
608.0
608.0
588.8
592.0
592.0
588.8
614.4
663.9
640.0
649.6
616.0
614.4
624.0
630.4
640.0
668.8
1374.4
614.4
630.4
646.4
665.6
710.4
728.0
716.8
680.0
688.0
665.6
640.0
648.0
640.0
646.4
672.0
665.6
1264.0
614.4
640.0
663.9
648.0
640.0
680.0
665.6
640.0
656.0
663.9
640.0
663.9
654.4
665.6
689.5
656.0
640.0
648.0
652.8
691.2
713.6
681.6
640.0
657.6
614.4
640.0
624.0
633.6
588.8
1220.8
632.0
614.4
616.0
624.0
614.4
616.0
632.0
614.4
657.6
624.0
614.4
632.0
630.4
640.0
640.0
657.6
614.4
1179.2
624.0
614.4
616.0
616.0
614.4
649.6
624.0
614.4
598.4
632.0
614.4
640.0
657.6
614.4
656.0
656.0
640.0
649.6
616.0
614.4
632.0
638.3
640.0
657.6
616.0
614.4
592.0
609.6
563.2
1187.2
632.0
614.4
592.0
600.0
588.8
609.6
584.0
563.2
633.6
592.0
588.8
609.6
574.4
588.8
566.4
600.0
588.8
624.0
633.6
588.8
592.0
592.0
588.8
600.0
600.0
588.8
574.4
598.4
614.4
648.0
641.6
614.4
633.6
598.4
614.4
630.4
648.0
640.0
659.2
600.0
588.8
608.0
598.4
614.4
600.0
590.4
614.4
624.0
633.6
588.8
600.0
609.6
563.2
609.6
574.4
588.8
630.4
663.9
640.0
641.6
616.0
614.4
598.4
633.6
588.8
600.0
598.4
614.4
656.0
648.0
640.0
616.0
616.0
614.4
608.0
600.0
588.8
624.0
616.0
614.4
590.4
616.0
614.4
633.6
595.2
1177.6
608.0
598.4
614.4
663.9
640.0
640.0
656.0
646.4
665.6
673.6
656.0
640.0
686.4
694.4
716.8
720.0
729.6
691.2
1303.9
663.9
640.0
616.0
624.0
614.4
614.4
648.0
640.0
696.0
713.6
665.6
686.4
710.4
716.8
736.0
720.0
716.8
696.0
715.1
640.0
624.0
616.0
614.4
598.4
622.4
640.0
710.4
726.3
742.4
753.6
736.0
716.8
713.6
689.5
640.0
625.6
608.0
588.8
632.0
624.0
614.4
662.4
668.8
716.8
686.4
708.8
742.4
768.0
779.2
716.8
736.0
718.4
742.4
688.0
670.4
691.2
710.4
728.0
716.8
670.4
712.0
691.2
696.0
713.6
665.6
705.6
680.0
665.6
681.6
648.0
640.0
616.0
633.6
588.8
609.6
1727.9
563.2
608.0
592.0
588.8
590.4
632.0
614.4
616.0
632.0
614.4
654.4
670.4
691.2
681.6
648.0
640.0
656.0
663.9
640.0
649.6
624.0
614.4
632.0
622.4
640.0
657.6
632.0
614.4
654.4
670.4
691.2
696.0
715.1
640.0
681.6
657.6
614.4
657.6
633.6
588.8
632.0
614.4
640.0
648.0
657.6
614.4
663.9
649.6
614.4
663.9
656.0
640.0
614.4
640.0
640.0
656.0
656.0
640.0
614.4
657.6
614.4
656.0
663.9
640.0
657.6
632.0
614.4
624.0
633.6
588.8
609.6
584.0
563.2
1180.8
593.6
1715.2
584.0
564.8
614.4
651.2
598.4
614.4
646.4
675.2
614.4
614.4
663.9
640.0
665.6
648.0
640.0
646.4
681.6
640.0
867.1
3104.0
793.6
779.2
731.2
665.6
656.0
648.0
640.0
619.2
2507.1001
640.0
702.4
720.0
716.8
707.2
648.0
640.0
625.6
608.0
588.8
600.0
601.5
563.2
584.0
564.8
614.4
622.4
648.0
640.0
640.0
640.0
640.0
640.0
657.6
614.4
598.4
616.0
614.4
625.6
590.4
614.4
622.4
656.0
640.0
641.6
632.0
614.4
640.0
649.6
614.4
662.4
667.2
742.4
720.0
732.8
640.0
640.0
648.0
640.0
649.6
622.4
640.0
668.8
726.3
742.4
771.2
726.4
1382.4
715.1
662.4
665.6
654.4
678.4
691.2
686.4
697.6
665.6
713.6
668.8
716.8
760.0
760.0
742.4
728.0
731.2
665.6
697.6
688.0
665.6
704.0
696.0
691.2
696.0
713.6
665.6
646.4
680.0
665.6
688.0
680.0
665.6
672.0
665.6
640.0
640.0
648.0
640.0
640.0
649.6
614.4
606.4
614.4
640.0
614.4
663.9
640.0
665.6
656.0
640.0
678.4
713.6
665.6
680.0
670.4
691.2
656.0
646.4
665.6
678.4
704.0
691.2
663.9
663.9
640.0
640.0
1297.6
614.4
644.8
710.4
716.8
697.6
688.0
665.6
710.4
726.3
742.4
702.4
737.6
1331.2
678.4
705.6
665.6
678.4
702.4
716.8
758.4
777.5
742.4
696.0
713.6
665.6
646.4
688.0
665.6
680.0
678.4
691.2
734.4
758.4
768.0
761.6
720.0
716.8
720.0
731.2
665.6
670.4
707.2
640.0
649.6
632.0
614.4
616.0
624.0
614.4
633.6
590.4
614.4
614.4
648.0
640.0
622.4
663.9
640.0
648.0
663.9
640.0
670.4
699.2
640.0
680.0
688.0
665.6
688.0
678.4
691.2
697.6
688.0
665.6
656.0
656.0
640.0
663.9
648.0
1280.0
648.0
657.6
614.4
720.0
721.6
691.2
624.0
614.4
640.0
640.0
640.0
640.0
624.0
632.0
614.4
648.0
646.4
665.6
678.4
712.0
691.2
715.1
654.4
665.6
616.0
624.0
614.4
624.0
633.6
588.8
608.0
608.0
588.8
633.6
598.4
614.4
614.4
648.0
640.0
641.6
624.0
614.4
648.0
649.6
614.4
654.4
670.4
691.2
720.0
739.2
665.6
696.0
713.6
665.6
689.5
646.4
665.6
656.0
663.9
640.0
686.4
694.4
716.8
721.6
713.6
665.6
688.0
672.0
665.6
680.0
688.0
665.6
663.9
663.9
640.0
688.0
681.6
640.0
663.9
646.4
665.6
665.6
663.9
640.0
646.4
689.5
640.0
688.0
670.4
691.2
713.6
678.4
691.2
681.6
646.4
665.6
649.6
630.4
640.0
662.4
688.0
665.6
646.4
688.0
665.6
697.6
672.0
665.6
668.8
737.6
691.2
689.5
654.4
665.6
680.0
673.6
640.0
646.4
680.0
665.6
654.4
680.0
665.6
646.4
672.0
665.6
663.9
646.4
665.6
673.6
644.8
691.2
672.0
678.4
691.2
696.0
705.6
665.6
672.0
681.6
640.0
654.4
686.4
691.2
721.6
696.0
691.2
720.0
721.6
691.2
704.0
704.0
691.2
672.0
680.0
665.6
681.6
646.4
665.6
688.0
672.0
665.6
632.0
632.0
614.4
670.4
704.0
691.2
656.0
663.9
640.0
681.6
656.0
640.0
590.4
617.6
588.8
632.0
614.4
640.0
681.6
640.0
640.0
662.4
670.4
691.2
697.6
689.5
640.0
678.4
704.0
691.2
646.4
678.4
691.2
689.5
654.4
665.6
680.0
673.6
640.0
646.4
680.0
665.6
654.4
680.0
665.6
646.4
672.0
665.6
663.9
646.4
665.6
673.6
644.8
691.2
672.0
678.4
691.2
696.0
705.6
665.6
672.0
681.6
640.0
654.4
686.4
691.2
721.6
696.0
691.2
720.0
721.6
691.2
704.0
704.0
691.2
672.0
680.0
665.6
681.6
646.4
665.6
688.0
672.0
665.6
632.0
632.0
614.4
670.4
704.0
691.2
656.0
663.9
640.0
681.6
656.0
640.0
590.4
617.6
588.8
632.0
614.4
640.0
681.6
640.0
640.0
662.4
670.4
691.2
697.6
689.5
640.0
678.4
704.0
691.2
646.4
678.4
691.2
670.4
696.0
691.2
665.6
640.0
640.0
644.8
712.0
691.2
646.4
688.0
665.6
697.6
678.4
691.2
736.0
736.0
716.8
670.4
712.0
691.2
720.0
731.2
665.6
640.0
648.0
640.0
632.0
632.0
614.4
657.6
614.4
640.0
663.9
646.4
665.6
680.0
680.0
665.6
656.0
648.0
640.0
654.4
680.0
665.6
663.9
654.4
665.6
663.9
663.9
640.0
670.4
707.2
640.0
696.0
715.1
640.0
654.4
681.6
640.0
662.4
667.2
742.4
694.4
716.8
768.0
774.4
809.6
768.0
729.6
696.0
691.2
624.0
624.0
614.4
641.6
614.4
640.0
670.4
696.0
691.2
665.6
640.0
640.0
644.8
712.0
691.2
646.4
688.0
665.6
697.6
678.4
691.2
736.0
736.0
716.8
670.4
712.0
691.2
720.0
731.2
665.6
640.0
648.0
640.0
632.0
632.0
614.4
657.6
614.4
640.0
663.9
646.4
665.6
680.0
680.0
665.6
656.0
648.0
640.0
654.4
680.0
665.6
663.9
654.4
665.6
663.9
663.9
640.0
670.4
707.2
640.0
696.0
715.1
640.0
654.4
681.6
640.0
662.4
667.2
742.4
694.4
716.8
768.0
774.4
809.6
768.0
729.6
696.0
691.2
624.0
624.0
614.4
641.6
614.4
640.0
640.0
654.4
665.6
710.4
739.2
665.6
696.0
712.0
691.2
712.0
700.7
742.4
779.2
728.0
716.8
712.0
691.2
768.0
776.0
785.6
742.4
744.0
761.6
716.8
728.0
729.6
691.2
672.0
673.6
640.0
643.2
718.4
742.4
779.2
720.0
716.8
721.6
702.4
716.8
744.0
753.6
716.8
758.4
771.2
716.8
736.0
731.2
665.6
710.4
726.3
742.4
787.2
736.0
716.8
751.9
760.0
742.4
704.0
696.0
691.2
726.3
751.9
742.4
729.6
712.0
691.2
686.4
694.4
716.8
737.6
696.0
691.2
723.2
686.4
691.2
712.0
696.0
691.2
720.0
731.2
665.6
3572.8
1580.8
588.8
600.0
592.0
588.8
576.0
1736.0
563.2
609.6
1222.4
588.8
600.0
590.4
614.4
624.0
625.6
588.8
592.0
592.0
588.8
568.0
575.9
563.2
566.4
592.0
588.8
600.0
598.4
614.4
630.4
646.4
665.6
707.2
663.9
640.0
670.4
702.4
716.8
715.1
648.0
640.0
678.4
710.4
716.8
644.8
712.0
691.2
744.0
755.2
691.2
704.0
705.6
665.6
662.4
670.4
691.2
705.6
680.0
665.6
764.8
684.8
716.8
784.0
769.6
742.4
700.7
766.4
768.0
718.4
764.8
665.6
726.3
758.4
768.0
809.6
787.2
716.8
720.0
721.6
691.2
681.6
646.4
665.6
667.2
755.2
691.2
772.8
822.4
844.8
718.4
761.6
716.8
760.0
742.4
768.0
811.2
742.4
768.0
777.5
751.9
742.4
692.8
742.4
768.0
750.4
768.0
768.0
776.0
787.2
716.8
764.8
670.4
691.2
728.0
718.4
742.4
732.8
790.4
793.6
844.8
774.4
793.6
774.4
803.1
742.4
751.9
744.0
742.4
751.9
751.9
742.4
702.4
729.6
691.2
760.0
742.4
768.0
742.4
1427.2
716.8
777.5
747.2
691.2
712.0
694.4
716.8
1379.2
665.6
768.0
712.0
712.0
691.2
736.0
731.2
665.6
712.0
692.8
742.4
771.2
721.6
691.2
726.3
766.4
768.0
787.2
737.6
691.2
710.4
718.4
742.4
705.6
672.0
665.6
692.8
750.4
768.0
737.6
707.2
768.0
792.0
792.0
768.0
800.0
809.6
768.0
704.0
712.0
691.2
723.2
1454.4
691.2
670.4
702.4
716.8
670.4
694.4
716.8
777.5
763.2
691.2
681.6
640.0
640.0
656.0
654.4
665.6
684.8
739.2
793.6
841.6
812.8
716.8
718.4
760.0
742.4
771.2
718.4
742.4
772.8
824.0
819.2
742.4
777.5
742.4
705.6
673.6
640.0
632.0
632.0
614.4
649.6
616.0
614.4
632.0
614.4
640.0
616.0
632.0
614.4
656.0
640.0
640.0
632.0
622.4
640.0
663.9
640.0
640.0
646.4
678.4
691.2
751.9
747.2
691.2
656.0
648.0
640.0
644.8
705.6
665.6
656.0
656.0
640.0
646.4
665.6
640.0
646.4
678.4
691.2
726.3
763.2
691.2
646.4
688.0
665.6
713.6
665.6
1280.0
646.4
688.0
665.6
654.4
686.4
691.2
750.4
792.0
768.0
718.4
744.0
742.4
721.6
710.4
716.8
784.0
787.2
716.8
718.4
742.4
768.0
769.6
751.9
742.4
769.6
760.0
742.4
720.0
736.0
716.8
672.0
688.0
665.6
731.2
678.4
691.2
740.8
772.8
819.2
758.4
774.4
793.6
726.3
760.0
742.4
732.8
774.4
793.6
816.0
809.6
768.0
784.0
777.5
742.4
784.0
774.4
793.6
768.0
768.0
768.0
780.8
712.0
691.2
734.4
766.4
768.0
726.3
742.4
768.0
704.0
702.4
716.8
750.4
769.6
742.4
780.8
824.0
819.2
795.2
758.4
768.0
785.6
760.0
742.4
776.0
777.5
742.4
640.0
654.4
665.6
728.0
737.6
691.2
760.0
750.4
768.0
718.4
761.6
716.8
761.6
726.3
742.4
750.4
787.2
716.8
755.2
713.6
665.6
740.8
772.8
819.2
758.4
774.4
793.6
726.3
760.0
742.4
732.8
774.4
793.6
816.0
809.6
768.0
784.0
777.5
742.4
784.0
774.4
793.6
768.0
768.0
768.0
780.8
712.0
691.2
734.4
766.4
768.0
726.3
742.4
768.0
704.0
702.4
716.8
750.4
769.6
742.4
780.8
824.0
819.2
795.2
758.4
768.0
785.6
760.0
742.4
776.0
777.5
742.4
640.0
654.4
665.6
728.0
737.6
691.2
760.0
750.4
768.0
718.4
761.6
716.8
761.6
726.3
742.4
750.4
787.2
716.8
755.2
713.6
665.6
696.0
715.1
640.0
652.8
700.7
742.4
787.2
739.2
665.6
656.0
646.4
665.6
663.9
646.4
665.6
648.0
663.9
640.0
673.6
656.0
640.0
656.0
649.6
614.4
632.0
622.4
640.0
657.6
614.4
640.0
644.8
696.0
691.2
696.0
704.0
691.2
696.0
696.0
691.2
656.0
662.4
665.6
734.4
753.6
716.8
718.4
750.4
768.0
764.8
686.4
691.2
739.2
686.4
691.2
720.0
721.6
691.2
702.4
718.4
742.4
686.4
710.4
716.8
713.6
668.8
716.8
734.4
760.0
742.4
745.6
732.8
640.0
656.0
644.8
691.2
705.6
686.4
691.2
758.4
768.0
768.0
776.0
768.0
768.0
696.0
707.2
640.0
616.0
633.6
588.8
614.4
663.9
640.0
648.0
663.9
640.0
702.4
723.2
665.6
663.9
654.4
665.6
694.4
726.3
742.4
745.6
736.0
716.8
753.6
726.3
742.4
1462.4
718.4
742.4
774.4
795.2
742.4
721.6
694.4
716.8
776.0
788.8
691.2
764.8
814.4
819.2
848.0
848.0
844.8
790.4
801.6
768.0
819.2
782.4
793.6
819.2
774.4
793.6
838.4
854.4
870.4
817.6
782.4
793.6
793.6
768.0
768.0
784.0
776.0
768.0
787.2
718.4
742.4
688.0
676.8
716.8
777.5
750.4
768.0
718.4
764.8
793.6
809.6
792.0
768.0
721.6
705.6
665.6
678.4
697.6
665.6
692.8
760.0
742.4
771.2
728.0
716.8
751.9
750.4
768.0
720.0
736.0
716.8
720.0
718.4
742.4
763.2
702.4
716.8
742.4
784.0
768.0
753.6
728.0
716.8
678.4
704.0
691.2
729.6
702.4
716.8
1430.4
673.6
640.0
640.0
648.0
640.0
640.0
659.2
588.8
616.0
632.0
614.4
648.0
651.2
1228.8
663.9
648.0
640.0
641.6
624.0
614.4
656.0
657.6
1894.4
632.0
622.4
640.0
624.0
632.0
614.4
678.4
710.4
716.8
656.0
646.4
665.6
712.0
710.4
716.8
736.0
720.0
716.8
1460.8
745.6
1356.8
641.6
620.8
1177.6
590.4
630.4
640.0
656.0
663.9
640.0
710.4
734.4
742.4
771.2
736.0
716.8
787.2
732.8
768.0
801.6
784.0
768.0
817.6
768.0
768.0
774.4
803.1
742.4
774.4
803.1
742.4
788.8
838.4
844.8
857.6
836.8
742.4
763.2
838.4
844.8
883.2
825.6
793.6
822.4
865.6
819.2
769.6
744.0
742.4
780.8
819.2
768.0
806.4
840.0
819.2
792.0
790.4
793.6
726.3
744.0
742.4
753.6
739.2
665.6
680.0
688.0
665.6
737.6
696.0
691.2
750.4
779.2
716.8
750.4
771.2
716.8
726.3
742.4
768.0
806.4
824.0
819.2
777.5
744.0
742.4
776.0
784.0
768.0
809.6
784.0
768.0
812.8
864.0
844.8
808.0
811.2
742.4
748.8
814.4
819.2
750.4
774.4
793.6
854.4
889.6
844.8
793.6
784.0
768.0
785.6
766.4
768.0
872.0
880.0
870.4
860.8
785.6
742.4
747.2
712.0
691.2
763.2
710.4
716.8
782.4
803.1
742.4
681.6
640.0
1408.0
663.9
652.8
691.2
753.6
737.6
691.2
718.4
748.8
1305.6
667.2
758.4
768.0
732.8
779.2
844.8
774.4
809.6
768.0
792.0
784.0
768.0
737.6
704.0
691.2
720.0
720.0
716.8
712.0
696.0
691.2
680.0
678.4
691.2
672.0
670.4
691.2
712.0
712.0
691.2
654.4
688.0
665.6
764.8
678.4
691.2
681.6
640.0
640.0
630.4
660.8
691.2
721.6
694.4
716.8
751.9
760.0
742.4
768.0
788.8
691.2
742.4
780.8
691.2
680.0
689.5
640.0
622.4
657.6
614.4
662.4
673.6
640.0
684.8
728.0
716.8
678.4
694.4
2124.8
680.0
672.0
1305.6
662.4
672.0
665.6
673.6
657.6
614.4
633.6
592.0
588.8
592.0
600.0
588.8
566.4
609.6
563.2
600.0
598.4
614.4
619.1
1204.8
614.4
614.4
659.2
588.8
608.0
600.0
588.8
590.4
633.6
588.8
622.4
656.0
640.0
1835.2
632.0
614.4
659.2
600.0
588.8
601.5
588.7
1126.4
585.6
560.0
537.6
1107.2
561.6
512.0
545.6
520.0
512.0
520.0
529.6
614.4
384.0
512.0
512.0
496.0
504.0
486.4
496.0
496.0
486.4
496.0
496.0
486.4
504.0
504.0
486.4
520.0
518.4
537.6
649.6
633.6
588.8
592.0
590.4
614.4
609.6
566.4
1100.8
560.0
542.4
563.2
2928.0
624.0
614.4
590.4
617.6
588.8
624.0
614.4
640.0
649.6
633.6
588.8
636.8
678.4
691.2
681.6
640.0
1280.0
1323.2
638.3
640.0
694.4
718.4
742.4
705.6
681.6
640.0
641.6
1256.0
614.4
624.0
624.0
614.4
616.0
616.0
614.4
600.0
592.0
588.8
592.0
600.0
588.8
616.0
632.0
614.4
638.3
648.0
640.0
616.0
632.0
614.4
649.6
624.0
614.4
614.4
663.9
640.0
696.0
715.1
640.0
668.8
718.4
742.4
694.4
716.8
768.0
747.2
715.1
640.0
663.9
646.4
665.6
656.0
640.0
640.0
678.4
705.6
665.6
694.4
728.0
716.8
680.0
689.5
640.0
678.4
704.0
691.2
640.0
657.6
614.4
663.9
646.4
665.6
688.0
686.4
691.2
808.0
678.4
691.2
755.2
705.6
665.6
648.0
649.6
614.4
614.3
1131.2
563.2
550.3
566.4
588.8
609.6
584.0
563.2
604.8
662.4
665.6
720.0
728.0
716.8
697.6
668.8
716.8
751.9
760.0
742.4
792.0
782.4
793.6
787.2
737.6
691.2
696.0
696.0
691.2
688.0
672.0
665.6
700.7
744.0
742.4
739.1
1305.6
640.0
663.9
648.0
640.0
657.6
638.3
640.0
702.4
731.2
665.6
663.9
662.4
665.6
710.4
728.0
716.8
736.0
726.3
742.4
681.6
648.0
640.0
710.4
734.4
742.4
755.2
705.6
665.6
710.4
736.0
716.8
760.0
761.6
2764.8
1259.2
708.8
742.4
836.8
886.4
768.0
768.0
1543.9
2816.0
616.0
616.0
614.4
622.4
648.0
640.0
684.8
734.4
742.4
680.0
687.9
1305.6
640.0
649.6
614.4
616.0
617.6
588.8
590.4
632.0
614.4
638.3
649.5
742.4
793.6
792.0
768.0
830.4
862.4
742.4
776.0
779.2
716.8
748.8
793.6
768.0
750.4
784.0
768.0
747.2
704.0
691.2
729.6
1344.0
691.2
668.8
734.4
742.4
742.4
776.0
768.0
769.6
742.4
768.0
798.4
840.0
819.2
843.2
785.6
742.4
694.4
734.4
742.4
744.0
760.0
742.4
836.8
744.0
742.4
750.4
784.0
768.0
811.2
744.0
742.4
760.0
753.6
716.8
672.0
688.0
665.6
790.4
804.8
844.8
889.6
868.8
768.0
795.2
870.4
896.0
912.0
897.6
870.4
782.4
804.8
844.8
820.8
888.0
870.4
900.8
824.0
819.2
833.6
801.6
768.0
782.4
814.4
819.2
824.0
836.8
742.4
788.8
1600.0
819.2
782.4
801.6
768.0
792.0
792.0
768.0
774.4
793.6
768.0
779.2
726.3
742.4
795.2
751.9
742.4
744.0
755.2
691.2
724.8
782.4
793.6
856.0
868.8
768.0
748.8
678.4
691.2
774.4
793.6
768.0
841.6
798.4
819.2
785.6
764.8
665.6
673.6
640.0
640.0
632.0
614.4
640.0
654.4
672.0
665.6
657.6
624.0
614.4
616.0
620.8
1177.6
566.4
600.0
588.8
1240.0
600.0
588.8
630.4
663.9
640.0
646.4
681.6
640.0
672.0
688.0
665.6
646.4
688.0
665.6
2515.2
670.4
691.2
659.2
598.4
614.4
616.0
633.6
588.8
1129.6
608.0
588.8
596.8
648.0
640.0
624.0
632.0
614.4
1198.4
568.0
563.2
577.6
544.0
537.6
1089.6
558.4
563.2
606.4
614.4
640.0
641.6
1256.0
614.4
654.4
1308.8
716.8
756.8
1441.6
640.0
664.0
1939.2
716.8
758.4
776.0
768.0
753.6
740.8
3072.0
355.2
673.6
3840.0
1584.0
798.4
819.2
751.9
756.8
793.6
841.6
817.6
768.0
737.6
696.0
691.2
760.0
744.0
742.4
788.8
843.2
768.0
824.0
841.6
793.6
798.4
838.4
716.8
715.1
662.4
665.6
684.8
732.8
768.0
798.4
835.2
768.0
721.6
704.0
691.2
729.6
830.4
844.8
817.6
774.4
793.6
800.0
1572.8
716.8
651.2
718.4
742.4
774.4
800.0
793.6
788.8
705.6
665.6
662.3
1316.8
716.8
792.0
769.6
742.4
731.2
686.4
691.2
724.8
776.0
768.0
777.5
742.4
768.0
785.6
745.6
716.8
697.6
680.0
665.6
681.6
640.0
768.0
808.0
800.0
793.6
729.6
708.8
742.4
790.4
809.6
768.0
721.6
705.6
665.6
721.6
708.8
742.4
1473.6
812.7
1484.8
768.0
785.6
742.4
753.6
720.0
716.8
792.0
792.0
768.0
751.9
750.4
768.0
780.8
2120.0
691.2
644.8
710.4
716.8
806.4
824.0
819.2
801.6
787.2
716.8
712.0
715.1
640.0
708.8
742.4
768.0
801.6
785.6
742.4
804.8
728.0
716.8
742.4
774.4
793.6
776.0
776.0
1408.0
652.8
710.4
716.8
1305.6
663.9
640.0
721.6
697.6
665.6
1308.8
1507.2
793.6
782.4
809.6
768.0
779.2
718.4
742.4
776.0
780.8
819.2
792.0
1422.4
665.6
745.6
864.0
844.8
836.8
748.8
665.6
686.4
708.8
742.4
806.4
838.4
844.8
841.6
811.2
742.4
731.2
686.4
691.2
720.0
721.6
691.2
663.9
646.4
665.6
761.6
737.6
691.2
710.4
718.4
742.4
742.4
777.5
742.4
750.4
792.0
768.0
769.6
766.3
640.0
654.4
684.8
716.8
785.6
747.2
691.2
675.1
750.4
768.0
793.6
784.0
768.0
660.8
1332.8
742.4
700.7
766.4
768.0
776.0
788.8
691.2
720.0
731.2
665.6
652.8
715.1
640.0
686.4
700.7
742.4
787.2
728.0
716.8
656.0
657.6
614.4
686.4
692.8
742.4
763.2
712.0
691.2
766.4
784.0
768.0
780.8
1355.1
640.0
699.2
784.0
768.0
2088.0
689.6
768.0
790.4
806.4
819.2
865.6
822.4
844.8
835.2
790.4
665.6
660.8
692.8
742.4
801.6
790.4
665.6
750.4
772.8
691.2
656.0
663.9
640.0
713.6
684.8
716.8
665.6
774.4
793.6
800.0
814.4
691.2
686.4
700.7
742.4
828.8
876.8
2329.6001
680.0
686.4
691.2
668.8
728.0
716.8
1505.6
713.6
665.6
686.4
715.2
1408.0
737.6
692.8
742.4
772.8
691.2
768.0
761.6
729.6
691.2
689.5
649.6
614.4
654.4
672.0
665.6
622.4
657.6
614.4
678.4
694.4
716.8
663.9
646.4
665.6
640.0
652.8
691.2
760.0
742.4
768.0
785.6
744.0
742.4
705.6
665.6
640.0
657.6
624.0
614.4
624.0
622.4
640.0
641.6
632.0
614.4
668.8
718.4
742.4
747.2
700.8
1894.4
667.2
745.6
716.8
688.0
684.8
716.8
723.2
803.2
870.4
896.0
777.5
742.4
774.4
798.4
819.2
801.6
776.0
768.0
833.6
817.6
768.0
822.4
851.2
793.6
825.6
800.0
793.6
804.8
857.6
819.2
753.6
728.0
716.8
686.4
700.7
742.4
785.6
750.4
768.0
758.4
792.0
768.0
718.4
750.4
768.0
716.8
776.0
768.0
712.0
710.4
716.8
721.6
710.4
716.8
751.9
744.0
742.4
737.6
707.2
640.0
646.4
681.6
640.0
659.2
206.4
230.4
4868.7998
696.0
691.2
689.5
640.0
640.0
663.9
648.0
640.0
646.4
688.0
665.6
697.6
673.6
640.0
672.0
668.8
460.8
883.2
697.6
665.6
2510.3999
1017.6
204.8
616.0
633.6
588.8
1207.9
1214.4
588.8
622.4
646.4
665.6
646.4
688.0
665.6
696.0
712.0
691.2
646.4
672.0
665.6
692.8
751.9
742.4
704.0
699.2
640.0
660.8
705.6
793.6
758.4
790.4
793.6
772.8
827.2
1664.0
798.4
444.8
358.4
756.8
1574.4
1587.2
838.4
854.4
1638.4
761.6
726.3
742.4
788.8
833.6
793.6
784.0
771.2
844.8
860.8
782.4
793.6
824.0
843.2
768.0
751.9
760.0
742.4
800.0
816.0
793.6
779.2
856.0
844.8
788.8
830.4
844.8
846.4
884.8
793.6
825.6
811.2
742.4
825.6
800.0
793.6
851.2
926.4
947.2
942.4
833.6
793.6
752.0
884.8
921.6
864.0
868.8
896.0
947.2
905.6
870.4
918.4
940.8
844.8
900.8
953.6
921.6
854.4
876.8
921.6
939.2
876.8
921.6
921.6
902.4
921.6
889.6
862.4
870.4
864.0
844.8
896.0
891.2
838.4
844.8
856.0
860.8
896.0
920.0
907.2
844.8
878.4
904.0
896.0
824.0
830.4
844.8
833.6
796.8
844.8
870.4
900.8
819.2
843.2
774.4
793.6
793.6
780.8
691.2
721.6
710.4
716.8
680.0
681.6
640.0
1313.6
657.6
614.4
624.0
616.0
614.4
590.4
633.6
588.8
616.0
625.6
588.8
592.0
596.8
1152.0
622.4
654.4
665.6
755.2
707.2
640.0
654.4
670.4
691.2
648.0
654.4
665.6
1428.8
696.0
691.2
692.8
763.2
691.2
668.8
740.8
768.0
694.4
724.8
768.0
750.4
768.0
768.0
1988.8
614.4
640.0
705.6
686.4
691.2
769.6
764.8
665.6
643.2
726.3
742.4
816.0
811.2
742.4
793.6
774.4
793.6
742.4
769.6
742.4
1374.4
755.2
691.2
710.4
721.6
691.2
713.6
667.2
742.4
718.4
745.6
844.8
806.4
836.8
742.4
756.8
684.8
716.8
726.4
884.8
921.6
875.2
819.2
768.0
768.0
900.8
947.2
771.2
849.6
947.2
956.8
878.4
768.0
782.4
817.6
896.0
865.6
830.4
844.8
902.4
921.6
896.0
806.4
832.0
819.2
828.8
881.6
844.8
888.0
870.4
896.0
913.6
891.2
819.2
801.6
769.6
742.4
801.6
784.0
768.0
820.8
891.2
819.2
680.0
673.6
768.0
779.2
856.0
844.8
873.6
863.9
1484.8
755.2
1606.4
844.8
915.2
859.2
921.6
952.0
969.6
921.6
960.0
956.8
870.4
897.6
883.2
1587.2
739.2
672.0
665.6
640.0
649.6
614.4
632.0
614.4
640.0
633.6
600.0
588.8
617.6
600.0
588.8
633.6
600.0
588.8
648.0
656.0
640.0
652.8
1854.4
588.8
598.4
624.0
614.4
614.4
663.9
640.0
656.0
640.0
640.0
624.0
632.0
614.4
633.6
611.2
1177.6
608.0
590.4
614.4
601.6
1220.8
614.4
640.0
640.0
640.0
680.0
673.6
768.0
779.2
856.0
844.8
873.6
863.9
1484.8
755.2
1606.4
844.8
915.2
859.2
921.6
952.0
969.6
921.6
960.0
956.8
870.4
897.6
883.2
1587.2
739.2
672.0
665.6
640.0
649.6
614.4
632.0
614.4
640.0
633.6
600.0
588.8
617.6
600.0
588.8
633.6
600.0
588.8
648.0
656.0
640.0
652.8
1854.4
588.8
598.4
624.0
614.4
614.4
663.9
640.0
656.0
640.0
640.0
624.0
632.0
614.4
633.6
611.2
1177.6
608.0
590.4
614.4
601.6
1220.8
614.4
640.0
640.0
640.0
657.6
630.4
640.0
638.3
656.0
640.0
713.6
670.4
691.2
681.6
640.0
640.0
657.6
624.0
614.4
624.0
633.6
588.8
633.6
598.4
614.4
1248.0
592.0
588.8
600.0
609.6
563.2
609.6
575.9
563.2
585.6
542.4
563.2
560.0
560.0
537.6
575.9
575.9
563.2
542.4
575.9
563.2
575.9
585.6
537.6
2659.2
817.6
768.0
784.0
776.0
768.0
732.8
648.0
640.0
656.0
644.8
691.2
817.6
769.6
742.4
769.6
763.2
691.2
726.3
753.6
716.8
716.8
776.0
768.0
726.3
766.4
768.0
827.2
776.0
768.0
751.9
756.8
665.6
681.6
657.6
614.4
633.6
606.4
614.4
632.0
632.0
1382.4
688.0
1438.4
691.2
731.2
688.0
665.6
750.4
777.5
742.4
726.3
758.4
768.0
792.0
779.2
716.8
729.6
705.6
665.6
713.6
688.0
665.6
705.6
676.8
716.8
734.4
747.2
2099.2
739.2
684.8
716.8
833.6
793.6
896.0
854.4
886.4
896.0
897.6
884.8
1561.6
720.0
729.6
2099.2
692.8
742.4
768.0
1544.0
785.6
742.4
806.4
824.0
819.2
846.4
889.6
844.8
860.8
787.2
716.8
1344.0
712.0
819.2
681.6
657.6
614.4
633.6
606.4
614.4
632.0
632.0
1382.4
688.0
1438.4
691.2
731.2
688.0
665.6
750.4
777.5
742.4
726.3
758.4
768.0
792.0
779.2
716.8
729.6
705.6
665.6
713.6
688.0
665.6
705.6
676.8
716.8
734.4
747.2
2099.2
739.2
684.8
716.8
833.6
793.6
896.0
854.4
886.4
896.0
897.6
884.8
1561.6
720.0
729.6
2099.2
692.8
742.4
768.0
1544.0
785.6
742.4
806.4
824.0
819.2
846.4
889.6
844.8
860.8
787.2
716.8
1344.0
712.0
819.2
900.8
960.0
947.2
929.6
902.4
793.6
764.8
689.6
1408.0
824.0
843.2
768.0
918.4
928.0
793.6
840.0
833.6
793.6
812.8
852.8
896.0
820.8
872.0
870.4
889.6
728.0
716.8
756.8
798.4
819.2
809.6
777.5
742.4
691.2
2054.3999
793.6
806.4
840.0
819.2
825.6
806.4
691.2
715.2
772.8
819.2
2206.3999
958.4
972.8
827.2
902.4
921.6
902.4
793.6
768.0
888.0
764.8
793.6
849.6
825.6
793.6
892.8
931.2
870.4
870.4
905.6
870.4
918.4
945.6
896.0
900.8
960.0
947.2
929.6
902.4
793.6
764.8
689.6
1408.0
824.0
843.2
768.0
918.4
928.0
793.6
840.0
833.6
793.6
812.8
852.8
896.0
820.8
872.0
870.4
889.6
728.0
716.8
756.8
798.4
819.2
809.6
777.5
742.4
691.2
2054.3999
793.6
806.4
840.0
819.2
825.6
806.4
691.2
715.2
772.8
819.2
2206.3999
958.4
972.8
827.2
902.4
921.6
902.4
793.6
768.0
888.0
764.8
793.6
849.6
825.6
793.6
892.8
931.2
870.4
870.4
905.6
870.4
918.4
945.6
896.0
804.8
859.2
921.6
972.8
907.2
972.8
1017.6
976.0
844.8
910.4
944.0
921.6
884.8
923.2
870.4
819.2
902.4
921.6
830.4
857.6
819.2
812.8
721.6
691.2
657.6
614.4
640.0
608.0
608.0
588.8
632.0
630.4
640.0
632.0
636.8
1177.6
636.8
681.6
640.0
715.2
776.0
768.0
718.4
750.4
768.0
816.0
670.4
691.2
644.8
700.7
742.4
721.6
694.4
716.8
761.6
720.0
716.8
747.2
828.7
742.4
753.6
740.8
1280.0
635.2
584.0
563.2
560.0
552.0
537.6
552.0
552.0
537.6
560.0
552.0
537.6
584.0
574.4
588.8
592.0
596.8
2304.0
598.4
614.4
640.0
624.0
616.0
614.4
625.6
608.0
588.8
1273.6
592.0
588.8
663.9
644.8
691.2
744.0
758.4
1280.0
654.4
667.2
742.4
750.4
648.0
640.0
656.0
644.8
691.2
705.6
793.6
896.0
868.8
777.5
742.4
788.8
820.8
742.4
771.2
865.6
819.2
841.6
801.6
768.0
758.4
771.2
3788.8
830.4
865.6
819.2
896.0
920.0
896.0
774.4
803.1
742.4
780.8
820.8
870.4
806.4
827.2
768.0
560.0
552.0
537.6
584.0
574.4
588.8
592.0
596.8
2304.0
598.4
614.4
640.0
624.0
616.0
614.4
625.6
608.0
588.8
1273.6
592.0
588.8
663.9
644.8
691.2
744.0
758.4
1280.0
654.4
667.2
742.4
750.4
648.0
640.0
656.0
644.8
691.2
705.6
793.6
896.0
868.8
777.5
742.4
788.8
820.8
742.4
771.2
865.6
819.2
841.6
801.6
768.0
758.4
771.2
3788.8
830.4
865.6
819.2
896.0
920.0
896.0
774.4
803.1
742.4
780.8
820.8
870.4
806.4
827.2
768.0
840.0
840.0
819.2
832.0
1726.4
844.8
868.8
777.5
742.4
716.8
787.2
844.8
1609.6
812.8
844.8
788.8
836.8
870.4
851.2
796.8
844.8
900.8
838.4
844.8
876.8
944.0
1561.6
771.2
1491.2
665.6
707.2
1408.0
768.0
808.0
817.6
768.0
745.6
726.3
742.4
804.8
868.8
768.0
776.0
790.4
793.6
849.6
828.7
742.4
715.2
788.8
691.2
790.4
817.6
768.0
804.8
865.6
819.2
862.4
1644.8
793.6
1532.8
798.4
819.2
782.4
817.5
1536.0
766.4
777.6
870.4
849.6
822.4
716.8
704.0
710.4
716.8
731.2
804.8
844.8
844.8
2836.8
691.2
889.6
854.4
870.4
768.0
779.2
716.8
796.8
852.8
896.0
883.2
827.2
896.0
944.0
929.6
896.0
804.8
732.8
768.0
876.8
945.6
896.0
825.6
806.4
819.2
804.8
844.8
896.0
928.0
924.8
844.8
904.0
920.0
896.0
905.6
872.0
870.4
852.8
768.0
768.0
771.2
740.8
768.0
833.6
1454.4
691.2
792.0
788.8
819.2
840.0
843.2
768.0
760.0
748.8
793.6
800.0
800.0
793.6
704.0
710.4
716.8
680.0
676.8
716.8
792.0
776.0
768.0
696.0
713.6
665.6
680.0
809.6
768.0
832.0
833.6
793.6
806.4
828.8
870.4
806.4
832.0
819.2
838.4
728.0
716.8
840.0
696.0
819.2
1734.4
854.3
742.4
747.2
697.6
793.6
875.2
832.0
819.2
840.0
830.4
844.8
838.4
854.4
870.4
835.2
777.5
742.4
808.0
800.0
793.6
729.6
699.2
768.0
796.8
859.2
793.6
809.6
777.5
742.4
792.0
788.8
819.2
840.0
843.2
768.0
760.0
748.8
793.6
800.0
800.0
793.6
704.0
710.4
716.8
680.0
676.8
716.8
792.0
776.0
768.0
696.0
713.6
665.6
680.0
809.6
768.0
832.0
833.6
793.6
806.4
828.8
870.4
806.4
832.0
819.2
838.4
728.0
716.8
840.0
696.0
819.2
1734.4
854.3
742.4
747.2
697.6
793.6
875.2
832.0
819.2
840.0
830.4
844.8
838.4
854.4
870.4
835.2
777.5
742.4
808.0
800.0
793.6
729.6
699.2
768.0
796.8
859.2
793.6
809.6
777.5
742.4
880.0
892.8
793.6
768.0
776.0
768.0
691.2
782.4
793.6
809.6
771.2
716.8
672.0
688.0
665.6
742.4
780.8
691.2
846.4
872.0
870.4
851.2
812.8
716.8
732.8
771.2
716.8
680.0
670.4
819.2
825.6
793.6
768.0
702.4
740.8
768.0
816.0
795.2
742.4
1342.4
716.8
768.0
716.8
788.8
819.2
904.0
916.8
1715.2
745.6
716.8
768.0
710.4
737.6
691.2
772.8
843.2
768.0
776.0
787.2
716.8
771.2
865.6
819.2
872.0
888.0
870.4
880.0
892.8
793.6
768.0
776.0
768.0
691.2
782.4
793.6
809.6
771.2
716.8
672.0
688.0
665.6
742.4
780.8
691.2
846.4
872.0
870.4
851.2
812.8
716.8
732.8
771.2
716.8
680.0
670.4
819.2
825.6
793.6
768.0
702.4
740.8
768.0
816.0
795.2
742.4
1342.4
716.8
768.0
716.8
788.8
819.2
904.0
916.8
1715.2
745.6
716.8
768.0
710.4
737.6
691.2
772.8
843.2
768.0
776.0
787.2
716.8
771.2
865.6
819.2
872.0
888.0
870.4
849.6
828.7
742.4
731.2
676.8
716.8
825.6
796.8
844.8
862.4
872.0
870.4
808.0
811.2
1510.4
699.2
788.8
819.2
888.0
879.9
742.4
790.4
800.0
793.6
854.4
870.4
896.0
872.0
878.4
896.0
910.4
816.0
793.6
1548.8
710.4
716.8
755.2
838.4
844.8
872.0
881.6
844.8
779.2
737.6
691.2
747.2
840.0
819.2
844.8
790.4
793.6
840.0
825.6
793.6
780.8
713.6
665.6
732.8
782.4
793.6
849.6
828.7
742.4
731.2
676.8
716.8
825.6
796.8
844.8
862.4
872.0
870.4
808.0
811.2
1510.4
699.2
788.8
819.2
888.0
879.9
742.4
790.4
800.0
793.6
854.4
870.4
896.0
872.0
878.4
896.0
910.4
816.0
793.6
1548.8
710.4
716.8
755.2
838.4
844.8
872.0
881.6
844.8
779.2
737.6
691.2
747.2
840.0
819.2
844.8
790.4
793.6
840.0
825.6
793.6
780.8
713.6
665.6
732.8
782.4
793.6
761.6
728.0
716.8
760.0
763.2
819.2
814.4
820.8
870.4
744.0
763.2
691.2
784.0
784.0
768.0
681.6
644.8
691.2
780.8
832.0
819.2
707.2
788.8
819.2
880.0
876.8
1689.6
777.5
750.4
768.0
667.2
748.8
793.6
827.2
784.0
768.0
750.4
792.0
768.0
806.4
704.0
691.2
692.8
748.8
793.6
766.4
788.8
819.2
825.6
809.6
768.0
720.0
739.2
665.6
672.0
689.5
640.0
766.4
769.6
742.4
750.4
771.2
1612.8
750.4
792.0
768.0
808.0
801.6
768.0
790.4
681.6
1408.0
761.6
728.0
716.8
760.0
763.2
819.2
814.4
820.8
870.4
744.0
763.2
691.2
784.0
784.0
768.0
681.6
644.8
691.2
780.8
832.0
819.2
707.2
788.8
819.2
880.0
876.8
1689.6
777.5
750.4
768.0
667.2
748.8
793.6
827.2
784.0
768.0
750.4
792.0
768.0
806.4
704.0
691.2
692.8
748.8
793.6
766.4
788.8
819.2
825.6
809.6
768.0
720.0
739.2
665.6
672.0
689.5
640.0
766.4
769.6
742.4
750.4
771.2
1612.8
750.4
792.0
768.0
808.0
801.6
768.0
790.4
681.6
1408.0
795.2
894.4
768.0
856.0
857.6
819.2
878.4
772.8
819.2
822.4
857.6
819.2
793.6
772.8
819.2
888.0
870.4
768.0
748.8
806.4
819.2
822.4
844.8
768.0
814.4
840.0
819.2
814.4
694.4
716.8
705.6
665.6
768.0
846.4
889.6
844.8
836.8
748.8
793.6
865.6
822.4
844.8
868.8
780.8
819.2
870.4
915.2
844.8
820.8
764.8
665.6
838.4
864.0
844.8
838.4
736.0
716.8
782.4
811.2
742.4
764.8
814.4
819.2
795.2
894.4
768.0
856.0
857.6
819.2
878.4
772.8
819.2
822.4
857.6
819.2
793.6
772.8
819.2
888.0
870.4
768.0
748.8
806.4
819.2
822.4
844.8
768.0
814.4
840.0
819.2
814.4
694.4
716.8
705.6
665.6
768.0
846.4
889.6
844.8
836.8
748.8
793.6
865.6
822.4
844.8
868.8
780.8
819.2
870.4
915.2
844.8
820.8
764.8
665.6
838.4
864.0
844.8
838.4
736.0
716.8
782.4
811.2
742.4
764.8
814.4
819.2
792.0
771.2
844.8
889.6
844.8
896.0
872.0
889.6
844.8
748.8
803.2
870.4
854.3
744.0
742.4
795.2
881.6
844.8
744.0
766.4
768.0
846.4
872.0
870.4
854.3
751.9
742.4
756.8
816.0
793.6
894.4
910.4
921.6
945.6
913.6
870.4
873.6
867.2
793.6
814.4
827.2
896.0
1840.0
1704.0
793.6
808.0
817.5
1536.0
774.4
793.6
768.0
748.8
804.8
844.8
803.1
750.4
768.0
750.4
788.8
819.2
792.0
771.2
844.8
889.6
844.8
896.0
872.0
889.6
844.8
748.8
803.2
870.4
854.3
744.0
742.4
795.2
881.6
844.8
744.0
766.4
768.0
846.4
872.0
870.4
854.3
751.9
742.4
756.8
816.0
793.6
894.4
910.4
921.6
945.6
913.6
870.4
873.6
867.2
793.6
814.4
827.2
896.0
1840.0
1704.0
793.6
808.0
817.5
1536.0
774.4
793.6
768.0
748.8
804.8
844.8
803.1
750.4
768.0
750.4
788.8
819.2
1748.8
768.0
768.0
836.8
751.9
742.4
787.2
856.0
844.8
792.0
771.2
844.8
832.0
832.0
819.2
753.6
716.8
768.0
812.8
718.4
742.4
808.0
809.6
768.0
758.4
788.8
819.2
841.6
798.4
819.2
833.6
796.8
716.8
747.2
824.0
819.2
758.4
777.5
742.4
748.8
796.8
844.8
832.0
1480.0
691.2
676.8
729.6
819.2
856.0
844.8
768.0
753.6
734.4
742.4
761.6
737.6
691.2
800.0
806.4
819.2
891.2
843.2
768.0
817.6
777.5
742.4
758.4
772.8
691.2
1748.8
768.0
768.0
836.8
751.9
742.4
787.2
856.0
844.8
792.0
771.2
844.8
832.0
832.0
819.2
753.6
716.8
768.0
812.8
718.4
742.4
808.0
809.6
768.0
758.4
788.8
819.2
841.6
798.4
819.2
833.6
796.8
716.8
747.2
824.0
819.2
758.4
777.5
742.4
748.8
796.8
844.8
832.0
1480.0
691.2
676.8
729.6
819.2
856.0
844.8
768.0
753.6
734.4
742.4
761.6
737.6
691.2
800.0
806.4
819.2
891.2
843.2
768.0
817.6
777.5
742.4
758.4
772.8
691.2
776.0
792.0
768.0
1472.0
704.0
819.2
878.4
785.6
742.4
801.6
777.6
870.4
878.4
896.0
896.0
916.8
835.2
768.0
779.2
852.8
896.0
905.6
880.0
1510.4
788.8
819.2
896.0
772.8
828.8
870.4
897.6
891.2
819.2
2944.0
908.8
819.2
876.8
928.0
921.6
1558.4
817.6
896.0
828.7
764.8
793.6
856.0
852.8
768.0
761.6
716.8
768.0
702.4
739.2
793.6
844.8
915.2
844.8
776.0
792.0
768.0
1472.0
704.0
819.2
878.4
785.6
742.4
801.6
777.6
870.4
878.4
896.0
896.0
916.8
835.2
768.0
779.2
852.8
896.0
905.6
880.0
1510.4
788.8
819.2
896.0
772.8
828.8
870.4
897.6
891.2
819.2
2944.0
908.8
819.2
876.8
928.0
921.6
1558.4
817.6
896.0
828.7
764.8
793.6
856.0
852.8
768.0
761.6
716.8
768.0
702.4
739.2
793.6
844.8
915.2
844.8
840.0
819.2
768.0
774.4
795.2
870.4
913.6
884.8
793.6
790.4
796.8
844.8
827.2
769.6
742.4
796.8
868.7
1536.0
737.6
836.8
870.4
1627.2
795.2
870.4
920.0
912.0
896.0
889.6
851.2
1433.6
683.2
764.8
793.6
748.8
806.4
819.2
864.0
862.4
742.4
751.9
763.2
691.2
892.8
817.6
768.0
774.4
811.2
742.4
742.4
790.4
793.6
787.2
860.8
896.0
884.8
816.0
793.6
795.2
760.0
742.4
780.8
819.2
768.0
796.8
846.4
870.4
870.4
1555.2
716.8
840.0
819.2
768.0
774.4
795.2
870.4
913.6
884.8
793.6
790.4
796.8
844.8
827.2
769.6
742.4
796.8
868.7
1536.0
737.6
836.8
870.4
1627.2
795.2
870.4
920.0
912.0
896.0
889.6
851.2
1433.6
683.2
764.8
793.6
748.8
806.4
819.2
864.0
862.4
742.4
751.9
763.2
691.2
892.8
817.6
768.0
774.4
811.2
742.4
742.4
790.4
793.6
787.2
860.8
896.0
884.8
816.0
793.6
795.2
760.0
742.4
780.8
819.2
768.0
796.8
846.4
870.4
870.4
1555.2
716.8
812.8
846.4
870.4
824.0
838.4
716.8
728.0
721.6
691.2
812.8
728.0
716.8
796.8
844.8
896.0
913.6
884.8
793.6
784.0
774.4
793.6
828.8
880.0
870.4
844.8
769.6
742.4
772.8
820.8
742.4
768.0
772.8
819.2
881.6
849.6
819.2
720.0
734.4
742.4
1708.8
848.0
1484.8
678.4
707.2
768.0
814.4
819.2
768.0
766.4
777.5
742.4
790.4
814.4
819.2
784.0
784.0
768.0
728.0
720.0
716.8
736.0
739.2
665.6
663.9
662.4
665.6
812.8
846.4
870.4
824.0
838.4
716.8
728.0
721.6
691.2
812.8
728.0
716.8
796.8
844.8
896.0
913.6
884.8
793.6
784.0
774.4
793.6
828.8
880.0
870.4
844.8
769.6
742.4
772.8
820.8
742.4
768.0
772.8
819.2
881.6
849.6
819.2
720.0
734.4
742.4
1708.8
848.0
1484.8
678.4
707.2
768.0
814.4
819.2
768.0
766.4
777.5
742.4
790.4
814.4
819.2
784.0
784.0
768.0
728.0
720.0
716.8
736.0
739.2
665.6
663.9
662.4
665.6
796.8
848.0
844.8
817.6
782.4
793.6
800.0
808.0
793.6
816.0
816.0
793.6
736.0
726.3
742.4
774.4
816.0
793.6
817.6
777.5
742.4
721.6
710.4
1996.8
724.8
776.0
768.0
814.4
840.0
819.2
848.0
729.6
691.2
708.8
748.8
793.6
774.4
817.6
768.0
694.4
736.0
716.8
779.2
724.8
768.0
774.4
811.2
742.4
792.0
784.0
768.0
817.6
782.4
793.6
800.0
796.8
716.8
694.4
736.0
716.8
740.8
777.5
742.4
788.8
822.4
844.8
804.8
851.2
793.6
776.0
774.4
793.6
796.8
848.0
844.8
817.6
782.4
793.6
800.0
808.0
793.6
816.0
816.0
793.6
736.0
726.3
742.4
774.4
816.0
793.6
817.6
777.5
742.4
721.6
710.4
1996.8
724.8
776.0
768.0
814.4
840.0
819.2
848.0
729.6
691.2
708.8
748.8
793.6
774.4
817.6
768.0
694.4
736.0
716.8
779.2
724.8
768.0
774.4
811.2
742.4
792.0
784.0
768.0
817.6
782.4
793.6
800.0
796.8
716.8
694.4
736.0
716.8
740.8
777.5
742.4
788.8
822.4
844.8
804.8
851.2
793.6
776.0
774.4
793.6
817.6
779.2
716.8
763.2
710.4
716.8
742.4
782.4
793.6
833.6
809.6
768.0
766.3
656.0
640.0
724.8
782.4
793.6
785.6
1395.2
691.2
748.8
1446.4
691.2
728.0
728.0
716.8
731.2
673.6
1280.0
716.8
777.5
742.4
715.1
657.6
614.4
644.8
697.6
665.6
696.0
697.6
1305.6
732.8
792.0
768.0
745.6
740.7
640.0
680.0
686.4
691.2
699.2
1942.4
665.6
760.0
745.6
716.8
710.4
728.0
716.8
737.6
708.8
614.4
648.0
644.8
691.2
758.4
784.0
768.0
817.6
779.2
716.8
763.2
710.4
716.8
742.4
782.4
793.6
833.6
809.6
768.0
766.3
656.0
640.0
724.8
782.4
793.6
785.6
1395.2
691.2
748.8
1446.4
691.2
728.0
728.0
716.8
731.2
673.6
1280.0
716.8
777.5
742.4
715.1
657.6
614.4
644.8
697.6
665.6
696.0
697.6
1305.6
732.8
792.0
768.0
745.6
740.7
640.0
680.0
686.4
691.2
699.2
1942.4
665.6
760.0
745.6
716.8
710.4
728.0
716.8
737.6
708.8
614.4
648.0
644.8
691.2
758.4
784.0
768.0
782.4
817.5
1536.0
806.4
838.4
844.8
835.2
782.4
793.6
846.4
873.6
844.8
768.0
768.0
768.0
816.0
811.2
742.4
787.2
844.8
896.0
897.6
881.6
844.8
868.8
768.0
768.0
820.8
878.4
768.0
820.8
876.8
921.6
929.6
913.6
870.4
835.2
785.6
742.4
809.6
774.4
793.6
841.6
793.6
768.0
745.6
731.2
665.6
1894.4
649.6
614.4
600.0
592.0
588.8
569.6
2224.0
537.6
1147.2
568.0
563.2
577.6
550.3
563.2
539.2
1139.1
563.2
624.0
616.0
614.4
782.4
817.5
1536.0
806.4
838.4
844.8
835.2
782.4
793.6
846.4
873.6
844.8
768.0
768.0
768.0
816.0
811.2
742.4
787.2
844.8
896.0
897.6
881.6
844.8
868.8
768.0
768.0
820.8
878.4
768.0
820.8
876.8
921.6
929.6
913.6
870.4
835.2
785.6
742.4
809.6
774.4
793.6
841.6
793.6
768.0
745.6
731.2
665.6
1894.4
649.6
614.4
600.0
592.0
588.8
569.6
2224.0
537.6
1147.2
568.0
563.2
577.6
550.3
563.2
539.2
1139.1
563.2
624.0
616.0
614.4
614.4
663.9
640.0
689.5
663.9
640.0
684.8
729.6
691.2
710.4
721.6
691.2
684.8
728.0
716.8
670.4
694.4
716.8
760.0
750.4
768.0
784.0
785.6
742.4
856.0
865.6
819.2
856.0
865.6
819.2
811.2
766.4
768.0
787.2
716.8
768.0
822.4
849.6
819.2
814.4
825.6
793.6
804.8
846.4
870.4
880.0
889.6
844.8
888.0
881.6
844.8
846.4
892.8
793.6
753.6
734.4
742.4
870.4
916.8
819.2
864.0
848.0
844.8
888.0
892.8
793.6
838.4
862.4
870.4
880.0
883.2
819.2
838.4
868.8
768.0
819.2
905.6
870.4
864.0
864.0
844.8
816.0
803.1
742.4
723.2
808.0
793.6
803.1
760.0
742.4
772.8
824.0
819.2
832.0
824.0
819.2
856.0
849.6
819.2
776.0
772.8
819.2
857.6
820.8
870.4
878.4
920.0
768.0
836.8
875.2
819.2
880.0
880.0
870.4
896.0
899.2
844.8
755.2
708.8
742.4
785.6
748.8
793.6
1841.6
908.8
819.2
892.8
814.4
819.2
918.4
936.0
921.6
875.2
833.6
793.6
817.6
777.5
742.4
764.8
817.6
896.0
942.4
960.0
947.2
852.8
900.8
947.2
985.6
947.2
896.0
910.4
934.4
819.2
854.4
886.4
896.0
947.2
907.2
844.8
920.0
908.8
947.2
924.8
864.0
844.8
907.2
848.0
844.8
876.8
800.0
793.6
828.8
873.6
844.8
822.4
844.8
896.0
806.4
820.8
870.4
944.0
945.6
896.0
852.8
912.0
896.0
832.0
838.4
844.8
873.6
846.4
870.4
913.6
875.2
819.2
846.4
872.0
870.4
814.4
830.4
844.8
814.4
838.4
844.8
820.8
894.4
896.0
910.4
801.6
768.0
769.6
747.2
691.2
683.2
755.2
691.2
668.8
739.2
793.6
912.0
905.6
870.4
809.6
774.4
793.6
779.2
868.8
896.0
944.0
929.6
896.0
920.0
920.0
896.0
844.8
912.0
896.0
900.8
822.4
844.8
857.6
830.4
844.8
886.4
897.6
870.4
904.0
910.4
921.6
964.8
870.4
896.0
924.8
865.6
819.2
790.4
800.0
793.6
902.4
936.0
921.6
918.4
795.2
870.4
896.0
916.8
819.2
838.4
848.0
844.8
806.4
824.0
819.2
720.0
739.2
665.6
636.8
686.4
691.2
763.2
696.0
691.2
697.6
667.2
1894.4
648.0
646.4
1305.6
624.0
632.0
614.4
688.0
681.6
640.0
646.4
688.0
665.6
715.1
656.0
640.0
670.4
715.1
640.0
668.8
734.4
742.4
777.5
753.6
716.8
758.4
787.2
716.8
750.4
782.4
793.6
751.9
745.6
716.8
758.4
769.6
742.4
782.4
816.0
793.6
785.6
756.8
793.6
857.6
824.0
819.2
801.6
777.5
742.4
768.0
776.0
768.0
790.4
809.6
768.0
788.8
822.4
844.8
776.0
787.2
716.8
764.8
814.4
819.2
859.2
796.8
844.8
872.0
881.6
844.8
840.0
830.4
844.8
840.0
830.4
844.8
830.4
868.8
768.0
734.4
750.4
768.0
747.2
696.0
691.2
670.4
708.8
742.4
892.8
804.8
844.8
816.0
796.8
844.8
800.0
801.6
768.0
836.8
878.4
896.0
838.4
862.4
870.4
870.4
900.8
819.2
846.4
889.6
844.8
816.0
809.6
768.0
780.8
822.4
844.8
833.6
801.6
768.0
835.2
772.8
819.2
856.0
859.2
793.6
820.8
888.0
870.4
883.2
830.4
844.8
880.0
888.0
870.4
857.6
825.6
793.6
809.6
790.4
793.6
856.0
848.0
844.8
819.2
776.0
768.0
774.4
800.0
793.6
804.8
728.0
716.8
715.1
646.4
665.6
750.4
787.2
716.8
747.2
827.2
896.0
880.0
880.0
870.4
820.8
891.2
819.2
888.0
889.6
844.8
889.6
867.2
793.6
832.0
824.0
819.2
881.6
849.6
819.2
744.0
742.4
768.0
723.2
667.2
742.4
814.4
827.2
768.0
705.6
689.5
640.0
720.0
862.4
870.4
795.2
886.4
896.0
913.6
875.2
819.2
812.8
844.8
896.0
912.0
896.0
896.0
864.0
865.6
819.2
816.0
811.2
742.4
1590.4
867.2
793.6
768.0
788.8
691.2
710.4
729.6
691.2
724.8
771.2
716.8
710.4
734.4
742.4
779.2
737.6
691.2
684.8
740.8
768.0
750.4
784.0
768.0
777.5
760.0
742.4
784.0
780.8
819.2
854.4
892.8
793.6
747.2
819.2
896.0
912.0
904.0
896.0
896.0
916.8
819.2
870.4
920.0
896.0
897.6
870.4
896.0
920.0
913.6
870.4
838.4
736.0
716.8
708.8
742.4
768.0
758.4
790.4
793.6
867.2
796.8
844.8
880.0
889.6
844.8
856.0
867.2
793.6
848.0
846.4
870.4
880.0
880.0
870.4
806.4
840.0
819.2
870.4
912.0
896.0
864.0
862.4
870.4
891.2
838.4
844.8
854.4
894.4
768.0
774.4
801.6
768.0
750.4
790.4
793.6
753.6
736.0
716.8
697.6
796.8
844.8
798.4
832.0
819.2
811.2
878.4
896.0
934.4
840.0
819.2
846.4
894.4
768.0
788.8
820.8
870.4
846.4
870.4
896.0
913.6
884.8
793.6
712.0
699.2
768.0
