984.0
1889.6
947.2
976.0
988.8
896.0
950.4
996.8
896.0
969.6
926.4
947.2
884.8
936.0
921.6
910.4
934.4
947.2
908.8
968.0
947.2
952.0
966.4
972.8
987.2
940.8
972.8
929.6
900.8
947.2
947.2
900.8
947.2
921.6
913.6
870.4
918.4
928.0
921.6
910.4
936.0
921.6
884.8
928.0
921.6
916.8
819.2
896.0
899.2
1747.2
921.6
942.4
819.2
896.0
904.0
896.0
896.0
902.4
928.0
921.6
222.4
638.4
896.0
908.8
955.2
896.0
944.0
939.2
870.4
902.4
936.0
921.6
945.6
897.6
870.4
945.6
897.6
870.4
920.0
772.8
819.2
841.6
800.0
793.6
825.6
809.6
2432.0
305.6
772.8
819.2
360.0
241.6
204.8
587.2
782.4
793.6
910.4
676.8
204.8
568.0
832.0
819.2
1582.4
822.4
844.8
840.0
838.4
844.8
915.2
868.8
896.0
945.6
912.0
896.0
936.0
937.6
896.0
878.4
904.0
896.0
899.2
852.8
1792.0
1715.2
912.0
896.0
905.6
878.4
896.0
907.2
862.4
870.4
859.2
796.8
844.8
870.4
915.2
844.8
902.4
929.6
896.0
969.6
937.6
896.0
969.6
924.8
844.8
888.0
889.6
844.8
872.0
889.6
204.8
659.2
206.4
614.4
912.0
905.6
870.4
878.4
897.6
870.4
820.8
870.4
896.0
908.8
1715.2
896.0
1764.8
918.4
921.6
945.6
908.8
947.2
936.0
924.8
972.8
985.6
961.6
921.6
976.0
979.2
921.6
993.6
953.6
1817.6
934.4
963.2
896.0
984.0
996.8
896.0
969.6
937.6
1792.0
921.6
1800.0
896.0
920.0
779.2
588.8
1572.8
864.0
844.8
795.2
894.4
896.0
956.8
889.6
1868.8
904.0
900.8
947.2
956.8
1896.0
998.4
1897.6
974.4
998.4
944.0
940.8
972.8
985.6
958.4
972.8
969.6
932.8
972.8
987.2
939.2
870.4
926.4
952.0
947.2
878.4
2049.6001
870.4
710.4
209.6
691.2
209.6
696.0
947.2
921.6
920.0
896.0
926.4
955.2
896.0
936.0
926.4
947.2
219.2
688.0
921.6
963.2
916.8
947.2
940.8
228.7
640.0
225.6
715.2
896.0
1772.8
940.8
204.8
708.8
894.4
896.0
940.8
212.8
640.0
936.0
940.8
204.8
670.4
960.0
947.2
908.8
960.0
947.2
219.2
670.4
947.2
923.2
1139.2
691.2
208.0
731.2
921.6
889.6
225.6
691.2
921.6
907.2
204.8
710.4
209.6
691.2
881.6
228.7
640.0
904.0
913.6
1766.4
940.8
219.2
665.6
227.2
672.0
921.6
937.6
902.4
921.6
929.6
910.4
921.6
939.2
878.4
896.0
904.0
915.2
204.8
646.4
940.8
204.8
2548.8
940.8
204.8
1585.6
920.0
896.0
1081.6
665.6
896.0
1724.8
872.0
870.4
224.0
600.0
204.8
539.2
1004.8
537.6
755.2
958.4
716.8
404.8
835.2
2304.0
1097.6
548.8
204.8
617.6
864.0
204.8
574.4
227.2
537.6
211.2
548.8
204.8
614.4
915.2
204.8
600.0
219.2
665.6
937.6
1169.6
614.4
934.4
966.4
844.8
900.8
947.2
896.0
217.6
712.0
947.2
1872.0
992.0
972.8
881.6
227.2
665.6
633.6
219.2
665.6
224.0
728.0
204.8
651.2
206.4
742.4
1014.4
907.2
204.8
736.0
974.4
998.4
916.8
968.0
947.2
944.0
156.8
716.8
3680.0
228.8
768.0
212.8
787.2
204.8
736.0
212.8
768.0
222.4
745.6
204.8
684.8
214.3
742.4
1219.2
905.5
742.4
230.4
779.2
204.8
728.0
220.8
640.0
225.6
710.4
204.8
744.0
235.2
691.2
228.7
641.6
230.4
702.4
219.2
921.6
857.6
702.4
204.8
537.6
398.4
793.6
936.0
1200.0
665.6
945.6
1163.2
716.8
227.2
684.8
204.8
896.0
774.4
409.6
4195.2002
672.0
1561.6
1091.2
388.8
307.2
328.0
320.0
307.2
464.0
851.1
281.6
187.2
515.2
972.8
216.0
977.6
691.2
958.4
214.3
742.4
225.6
702.4
204.8
649.6
1134.4
640.0
1096.0
574.4
204.8
633.6
1752.0
204.8
672.0
934.4
947.2
228.7
648.0
896.0
956.8
1142.4
256.0
403.2
217.6
691.2
940.8
206.4
614.4
846.4
872.0
870.4
1894.4
275.2
1100.8
1523.2
203.2
512.0
753.6
995.2
537.6
971.2
520.0
768.0
1012.8
811.2
742.4
227.2
548.8
204.8
721.6
574.4
204.8
625.6
219.2
665.6
217.6
822.4
716.8
214.3
761.6
204.8
779.2
220.8
896.0
779.2
204.8
768.0
214.4
870.4
640.0
219.2
676.8
204.8
710.4
224.0
716.8
216.0
859.2
665.6
224.0
736.0
204.8
1256.0
636.8
537.6
940.8
862.4
486.4
1548.8
956.8
230.4
774.4
924.8
204.8
734.4
1014.4
1024.0
1947.2
1016.0
998.4
212.8
897.6
742.4
216.0
608.0
332.8
718.4
892.8
921.6
241.6
736.0
204.8
878.4
777.6
230.4
755.2
1204.8
742.4
254.4
768.0
1024.0
217.6
710.4
204.8
761.6
209.6
947.2
867.2
684.8
204.8
630.4
910.4
921.6
220.8
652.8
947.2
1046.4
939.2
998.4
992.0
224.0
716.8
1072.0
1060.8
972.8
1048.0
1035.2
972.8
1031.9
1035.2
972.8
1041.6
1009.6
972.8
1040.0
1024.0
1024.0
1049.6
1040.0
1024.0
1025.6
1001.6
972.8
1009.6
987.2
921.6
974.4
1003.2
947.2
1000.0
1020.8
921.6
1003.2
958.4
204.8
760.0
1004.8
1177.6
768.0
1046.4
921.6
976.0
996.8
896.0
937.5
2060.8
691.2
979.2
1200.0
665.6
1011.2
948.8
230.4
702.4
987.2
921.6
209.6
713.6
921.6
964.8
889.6
204.8
680.0
931.2
870.4
204.8
646.4
921.6
907.2
228.7
640.0
993.6
955.2
896.0
976.0
976.0
844.8
211.2
680.0
921.6
248.0
633.6
204.8
633.6
208.0
716.8
948.8
889.6
204.8
718.4
1006.4
896.0
236.8
670.4
947.2
907.2
222.4
614.4
950.4
974.4
870.4
236.8
678.4
947.2
249.6
857.5
563.2
1128.0
763.2
1843.2
385.6
1521.6
716.8
531.2
212.8
512.0
248.0
745.6
716.8
547.2
1017.6
588.8
248.0
763.2
563.2
206.4
625.6
204.8
867.2
798.4
819.2
1806.4
926.4
819.2
908.8
702.4
204.8
916.8
825.6
665.6
228.8
907.2
844.8
966.4
996.8
896.0
945.6
910.4
921.6
825.6
945.6
896.0
868.8
1812.8
947.2
883.2
948.8
998.4
977.6
966.4
972.8
1017.6
990.4
998.4
2062.3999
932.8
972.8
769.6
233.6
716.8
212.8
779.2
204.8
217.6
950.4
972.8
908.8
948.8
998.4
952.0
3009.6001
921.6
980.8
787.2
204.8
952.0
950.4
1996.8
968.0
1993.6
921.6
966.4
996.8
896.0
956.8
1011.2
947.2
726.4
248.0
742.4
241.6
979.2
921.6
944.0
936.0
921.6
1846.4
995.2
921.6
1984.0
952.0
947.2
1009.6
987.2
921.6
761.6
216.0
972.8
936.0
932.8
972.8
921.6
899.2
972.8
964.8
875.2
947.2
953.6
945.6
896.0
960.0
971.2
896.0
924.8
990.4
870.4
736.0
217.6
947.2
920.0
902.4
921.6
891.2
828.8
870.4
800.0
800.0
793.6
726.4
1510.4
768.0
715.2
2436.8
819.2
920.0
910.4
921.6
865.6
710.4
204.8
553.6
388.8
947.2
883.2
958.4
972.8
905.5
745.6
2124.8
915.2
732.8
512.0
257.6
382.4
896.0
513.6
363.1
1203.2
321.6
281.6
896.0
728.0
214.4
870.4
179.2
659.2
844.8
830.4
859.2
921.6
923.2
894.4
896.0
924.8
982.4
870.4
899.2
984.0
972.8
900.8
958.4
972.8
1024.0
1036.8
947.2
944.0
934.4
947.2
891.2
587.2
256.0
558.4
310.4
1484.8
222.4
892.8
793.6
868.8
920.0
896.0
848.0
868.7
2688.0
910.4
676.8
204.8
867.2
800.0
793.6
619.2
830.4
204.8
763.2
574.4
204.8
518.3
302.4
819.2
558.4
182.4
332.8
412.8
728.0
972.8
814.4
819.2
896.0
728.0
212.8
896.0
897.6
745.6
204.8
960.0
830.4
1868.8
932.8
868.8
896.0
932.8
982.4
870.4
723.2
1193.6
896.0
736.0
208.0
972.8
998.4
910.4
1689.6
193.6
929.6
896.0
728.0
217.6
947.2
859.2
945.6
896.0
883.2
955.2
768.0
227.2
936.0
921.6
787.2
208.0
972.8
902.4
939.2
230.4
700.8
870.4
384.0
859.2
427.2
742.4
1624.0
2400.0
844.8
827.2
780.8
819.2
864.0
867.2
793.6
832.0
840.0
819.2
772.8
830.4
844.8
860.8
779.2
844.8
904.0
908.8
819.2
838.4
859.2
793.6
860.8
920.0
896.0
886.4
908.8
947.2
896.0
910.4
921.6
915.2
860.8
896.0
896.0
896.0
896.0
1860.8
894.4
896.0
945.6
915.2
844.8
920.0
896.0
896.0
843.2
900.8
947.2
900.8
958.4
972.8
987.2
924.8
972.8
972.8
910.4
921.6
960.0
948.8
870.4
924.8
985.6
947.2
868.8
915.2
844.8
798.4
838.4
844.8
905.6
883.2
947.2
1025.6
1016.0
2918.3999
884.8
934.4
947.2
905.6
884.8
921.6
972.8
907.2
972.8
977.6
960.0
947.2
972.8
905.6
870.4
892.8
809.6
896.0
820.8
886.4
896.0
900.8
833.6
921.6
982.4
875.2
947.2
958.4
974.4
870.4
924.8
972.8
896.0
924.8
976.0
972.8
872.0
1009.6
972.8
897.6
1000.0
998.4
899.2
982.4
998.4
908.8
966.4
972.8
894.4
918.4
921.6
907.2
859.2
921.6
923.2
892.8
921.6
942.4
819.2
896.0
910.4
924.8
844.8
918.4
945.6
896.0
934.4
960.0
947.2
918.4
934.4
947.2
876.8
926.4
947.2
833.6
936.0
921.6
905.6
875.2
1843.2
859.2
924.8
972.8
897.6
1918.4
896.0
926.4
960.0
947.2
800.0
1710.4
819.2
779.2
851.2
921.6
945.6
899.2
972.8
1022.4
897.6
998.4
1012.8
934.4
947.2
998.4
910.4
921.6
961.6
932.8
844.8
926.4
966.4
844.8
915.2
856.0
844.8
891.2
830.4
844.8
904.0
904.0
768.0
841.6
939.2
998.4
936.0
924.8
972.8
1008.0
884.8
921.6
952.0
956.8
870.4
950.4
982.4
870.4
899.2
984.0
972.8
859.2
924.8
972.8
904.0
899.2
972.8
990.4
894.4
896.0
960.0
947.2
896.0
952.0
955.2
896.0
900.8
956.8
870.4
884.8
924.8
972.8
910.4
923.2
998.4
904.0
896.0
896.0
900.8
830.4
844.8
904.0
896.0
896.0
984.0
987.2
921.6
1016.0
1020.8
921.6
972.8
1040.0
896.0
984.0
979.2
921.6
908.8
952.0
947.2
883.2
958.4
972.8
908.8
960.0
947.2
920.0
910.4
921.6
880.0
889.6
844.8
800.0
804.8
844.8
908.8
843.2
896.0
940.8
859.2
921.6
932.8
844.8
896.0
924.8
864.0
844.8
908.8
828.8
870.4
900.8
833.6
793.6
856.0
1622.3
742.4
751.9
745.6
716.8
1422.4
673.6
640.0
723.2
673.6
3328.0
736.0
476.8
256.0
913.6
873.6
1868.8
958.4
593.5
1203.2
905.6
888.0
870.4
908.8
838.4
844.8
884.8
939.2
870.4
968.0
971.1
640.0
318.4
611.2
281.6
4033.6001
798.4
307.2
484.8
785.6
742.4
574.4
217.6
819.2
4132.7998
864.0
844.8
769.6
878.4
896.0
838.4
737.6
179.2
910.4
931.2
870.4
899.2
728.0
204.8
864.0
844.8
896.0
907.2
856.0
1868.8
942.4
694.4
204.8
779.2
216.0
972.8
910.4
1692.8
204.8
881.6
1884.8
896.0
948.8
1001.6
972.8
1016.0
1001.6
972.8
964.8
761.6
204.8
913.6
761.6
204.8
1038.4
923.2
742.4
220.8
1040.0
1024.0
985.6
830.4
204.8
704.0
321.6
921.6
1040.0
779.2
204.8
990.4
761.6
204.8
2038.4
907.2
972.8
993.6
956.7
742.4
214.4
1008.0
998.4
761.6
209.6
947.2
940.8
736.0
204.8
923.2
1905.6
972.8
555.1
364.8
2969.6001
728.0
222.4
742.4
217.6
952.0
691.2
217.6
950.4
972.8
918.4
1955.2
870.4
924.8
606.3
358.4
884.8
926.4
947.2
881.6
728.0
204.8
971.2
896.0
1920.0
964.8
875.2
947.2
956.8
873.6
1868.8
872.0
753.6
204.8
996.7
651.2
204.8
710.4
219.2
921.6
894.4
910.4
921.6
940.8
865.6
691.2
219.2
931.2
870.4
852.8
1803.2
844.8
904.0
916.8
819.2
835.2
908.8
947.2
899.2
1888.0
972.8
916.8
692.8
230.4
753.6
204.8
640.0
283.2
889.6
716.8
217.6
964.8
870.4
710.4
209.6
947.2
944.0
1436.8
332.8
531.2
337.6
819.2
795.2
1659.2
819.2
806.4
1593.6
793.6
817.6
772.8
819.2
836.8
763.2
819.2
832.0
836.8
870.4
920.0
899.2
844.8
844.8
896.0
896.0
801.6
920.0
896.0
923.2
881.6
1868.8
947.2
910.4
1561.6
361.6
996.8
512.0
371.2
960.0
947.2
947.2
908.8
947.2
961.6
934.4
947.2
979.2
923.2
870.4
944.0
924.8
972.8
884.8
936.0
921.6
628.8
286.4
819.2
892.8
550.4
307.2
782.4
1564.8
1612.8
713.6
672.0
537.6
779.2
212.8
640.0
224.0
600.0
204.8
435.2
388.8
691.2
211.2
545.6
384.0
969.6
928.0
921.6
912.0
916.8
819.2
844.8
896.0
896.0
905.6
873.6
1868.8
2784.0
857.6
2355.2
1556.8
1726.4
844.8
881.6
849.6
307.2
825.6
811.2
1638.4
835.2
899.2
844.8
910.4
928.0
921.6
875.2
969.6
921.6
905.6
870.4
896.0
904.0
907.2
844.8
888.0
878.4
896.0
908.7
582.4
332.8
937.6
904.0
896.0
969.6
923.2
870.4
910.4
929.6
896.0
886.4
910.4
921.6
878.4
904.0
896.0
924.8
862.4
998.4
812.8
209.6
435.2
256.0
913.6
486.4
230.3
1129.6
716.8
712.0
195.2
512.0
758.4
792.0
768.0
841.6
811.2
742.4
774.4
816.0
793.6
806.4
840.0
819.2
862.4
1657.6
844.8
875.2
838.4
844.8
880.0
873.6
844.8
864.0
846.4
870.4
1649.6
856.0
844.8
838.4
844.8
896.0
880.0
880.0
870.4
852.7
1041.6
614.4
854.4
883.2
819.2
878.4
896.0
896.0
827.2
920.0
896.0
902.4
934.4
947.2
961.6
934.4
947.2
926.4
963.2
896.0
894.4
918.4
921.6
886.4
918.4
921.6
955.2
918.4
921.6
963.2
897.6
870.4
902.4
939.2
870.4
820.8
878.4
896.0
897.6
886.4
896.0
929.6
907.2
844.8
920.0
897.6
870.4
886.4
896.0
896.0
870.4
912.0
896.0
852.8
910.4
921.6
905.6
876.8
921.6
937.6
912.0
896.0
928.0
931.2
870.4
936.0
937.6
896.0
934.4
952.0
947.2
910.4
944.0
921.6
928.0
928.0
921.6
782.4
809.6
768.0
790.4
796.8
844.8
891.2
819.2
896.0
910.4
939.2
870.4
902.4
939.2
870.4
846.4
878.4
896.0
910.4
936.0
921.6
1777.6
1764.8
768.0
814.4
819.2
896.0
878.4
902.4
921.6
960.0
971.2
896.0
968.0
953.6
921.6
950.4
984.0
972.8
924.8
976.0
972.8
888.0
876.8
921.6
921.6
910.4
921.6
984.0
990.4
1894.4
1001.6
979.2
921.6
960.0
960.0
947.2
944.0
934.4
947.2
902.4
926.4
947.2
971.2
908.8
947.2
958.4
1121.6
691.2
969.6
937.6
896.0
910.4
926.4
1715.2
912.0
907.2
844.8
878.4
910.4
921.6
912.0
908.8
947.2
996.8
916.8
947.2
966.4
1113.6
691.2
926.4
952.0
947.2
1075.2
649.6
870.4
900.8
966.4
204.8
678.4
950.4
972.8
1915.2
950.4
972.8
953.6
926.4
947.2
953.6
934.4
947.2
897.6
888.0
870.4
900.8
961.6
921.6
992.0
993.6
947.2
926.4
971.2
896.0
220.8
656.0
896.0
1868.8
908.8
947.2
971.2
900.8
947.2
969.6
929.6
896.0
942.4
963.2
896.0
934.4
950.4
716.8
369.6
464.0
332.8
1665.6
747.2
691.2
251.2
320.0
307.2
2446.3999
1059.2
358.4
670.4
318.4
332.8
347.2
670.4
691.2
670.4
307.2
384.0
1390.4
776.0
1536.0
452.7
380.8
793.6
825.6
816.0
793.6
854.4
883.2
819.2
878.4
897.6
870.4
868.8
910.4
921.6
908.8
952.0
947.2
987.2
940.8
972.8
1009.6
982.4
998.4
1041.6
1004.8
1049.6
755.2
308.8
742.4
336.0
980.7
1024.0
1072.0
934.3
563.2
368.0
1019.2
947.2
1004.8
1052.8
972.8
1038.4
1060.8
972.8
1752.0
336.0
716.8
299.2
1012.8
1049.6
1035.2
337.6
691.2
1040.0
657.5
358.4
969.6
796.8
204.8
1000.0
1019.2
947.2
1038.4
923.2
998.4
1011.2
955.1
1024.0
1030.4
422.3
563.2
656.0
390.4
1049.6
1030.4
1056.0
793.6
329.6
1059.2
486.4
528.0
1030.4
1049.6
1968.0
1064.0
1049.6
956.8
998.4
640.0
473.6
694.4
332.8
964.8
1017.6
716.8
329.6
1064.0
281.6
328.0
312.0
1075.2
1044.8
948.8
998.4
640.0
384.0
640.0
984.0
992.0
1356.8
609.6
1598.4
716.8
