1065.6
388.8
307.2
1129.6
734.4
742.4
793.6
1684.8
819.2
398.4
409.6
1536.0
761.6
726.3
742.4
736.0
718.4
742.4
761.6
720.0
716.8
750.4
774.4
1561.6
753.6
736.0
1356.8
688.0
667.2
742.4
776.0
784.0
768.0
771.2
1240.0
204.8
702.4
726.3
742.4
240.0
1273.6
716.8
284.8
356.8
768.0
1337.6
2601.6001
1280.0
670.4
712.0
691.2
726.3
744.0
742.4
742.4
784.0
768.0
811.2
883.2
819.2
841.6
816.0
793.6
792.0
784.0
768.0
806.4
824.0
819.2
801.6
774.4
793.6
806.4
822.4
844.8
843.2
769.6
742.4
766.4
782.4
793.6
825.6
798.4
819.2
833.6
793.6
768.0
774.4
806.4
819.2
841.6
800.0
793.6
777.5
760.0
742.4
792.0
780.8
819.2
841.6
798.4
819.2
771.2
220.8
512.0
704.0
713.6
665.6
700.7
750.4
768.0
782.4
816.0
793.6
774.4
808.0
793.6
305.6
513.6
742.4
793.6
768.0
768.0
748.8
808.0
793.6
768.0
769.6
742.4
692.7
1393.6
716.8
790.4
796.8
844.8
854.4
875.1
2355.2
774.4
798.4
1587.2
1643.2
819.2
512.0
806.4
833.6
793.6
782.4
817.6
768.0
800.0
808.0
793.6
798.4
840.0
819.2
865.6
822.4
844.8
841.6
808.0
793.6
806.4
824.0
819.2
806.4
830.4
844.8
806.4
841.6
793.6
798.4
833.6
793.6
798.4
832.0
819.2
824.0
833.6
793.6
840.0
825.6
793.6
832.0
841.6
793.6
788.8
822.4
844.8
833.6
798.4
819.2
809.6
784.0
768.0
832.0
822.4
844.8
798.4
825.6
793.6
777.5
742.4
768.0
857.6
841.6
793.6
784.0
792.0
768.0
809.6
784.0
768.0
724.8
784.0
768.0
780.8
822.4
844.8
827.2
785.6
614.4
881.6
718.4
486.4
222.4
619.2
691.2
670.4
694.4
716.8
718.4
760.0
742.4
792.0
785.6
742.4
776.0
792.0
768.0
782.4
814.4
819.2
836.8
760.0
742.4
744.0
751.9
742.4
747.2
820.8
870.4
854.4
635.2
947.2
792.0
780.8
819.2
878.4
904.0
896.0
867.2
808.0
793.6
856.0
846.4
870.4
848.0
857.6
819.2
889.6
864.0
844.8
1699.2
366.4
384.0
268.8
841.6
409.6
331.2
395.2
1356.8
688.0
680.0
665.6
670.4
705.6
665.6
663.9
663.9
640.0
672.0
672.0
665.6
663.9
656.0
640.0
646.4
680.0
665.6
687.9
1312.0
665.6
708.8
766.4
768.0
800.0
800.0
793.6
795.2
745.6
716.8
696.0
702.4
716.8
742.4
784.0
768.0
787.2
728.0
716.8
751.9
744.0
742.4
696.0
696.0
691.2
764.8
804.8
844.8
889.6
865.6
819.2
793.6
787.2
716.8
728.0
736.0
716.8
726.3
744.0
742.4
729.6
697.6
665.6
1296.0
652.8
691.2
774.4
816.0
793.6
832.0
825.6
793.6
768.0
769.6
742.4
713.6
686.4
691.2
748.8
816.0
793.6
841.6
800.0
793.6
728.0
720.0
716.8
750.4
774.4
793.6
774.4
816.0
793.6
833.6
798.4
819.2
816.0
800.0
793.6
808.0
809.6
768.0
769.6
744.0
742.4
753.6
720.0
716.8
739.2
678.4
691.2
708.8
748.8
793.6
806.4
832.0
819.2
768.0
785.6
742.4
744.0
753.6
716.8
726.3
751.9
742.4
760.0
747.2
691.2
680.0
676.8
716.8
758.4
790.4
793.6
798.4
841.6
793.6
784.0
784.0
768.0
777.5
750.4
768.0
744.0
751.9
742.4
728.0
736.0
716.8
744.0
742.4
768.0
720.0
729.6
691.2
694.4
729.6
691.2
644.8
713.6
665.6
726.3
742.4
768.0
785.6
751.9
742.4
760.0
751.9
742.4
737.6
696.0
691.2
694.4
726.3
742.4
784.0
772.8
819.2
809.6
784.0
768.0
750.4
784.0
768.0
814.4
1593.6
409.6
729.6
710.4
588.8
772.8
700.7
742.4
768.0
768.0
768.0
782.4
808.0
793.6
784.0
785.6
742.4
720.0
729.6
691.2
766.4
782.4
1561.6
787.2
728.0
716.8
728.0
736.0
716.8
750.4
776.0
768.0
792.0
776.0
768.0
787.2
736.0
716.8
750.4
772.8
819.2
854.4
880.0
870.4
884.8
558.4
307.2
460.8
774.4
1561.6
776.0
792.0
768.0
790.4
806.4
819.2
860.8
1678.4
793.6
769.6
745.6
716.8
705.6
689.5
640.0
680.0
689.5
640.0
702.4
728.0
716.8
761.6
728.0
716.8
670.4
696.0
691.2
726.3
766.4
768.0
825.6
795.2
1510.4
736.0
726.3
742.4
1142.4
4880.0
768.0
798.4
582.4
204.8
428.8
1110.4
230.4
153.6
1795.2
716.8
736.0
2129.6001
691.2
656.0
656.0
640.0
624.0
622.4
640.0
644.8
708.8
742.4
792.0
780.8
819.2
841.6
798.4
819.2
833.6
816.0
793.6
822.4
848.0
844.8
864.0
867.2
793.6
841.6
808.0
793.6
808.0
808.0
793.6
798.4
843.2
768.0
760.0
745.6
716.8
726.3
760.0
742.4
782.4
796.8
332.8
417.6
785.6
742.4
777.5
751.9
742.4
760.0
756.8
2969.6001
744.0
1510.4
768.0
761.6
2270.3999
742.4
2436.8
203.2
256.0
5067.2002
774.4
793.6
800.0
808.0
793.6
800.0
800.0
793.6
816.0
816.0
793.6
816.0
816.0
793.6
832.0
838.4
460.8
993.6
580.8
742.4
760.0
744.0
742.4
785.6
766.4
768.0
784.0
792.0
768.0
792.0
792.0
768.0
841.6
816.0
793.6
867.2
814.4
819.2
832.0
838.4
844.8
846.4
881.6
844.8
840.0
841.6
793.6
824.0
825.6
793.6
808.0
817.6
768.0
804.8
614.3
1126.4
251.2
326.4
204.8
296.0
678.4
307.2
648.0
663.9
640.0
670.4
699.2
1408.0
720.0
716.8
768.0
774.4
801.6
768.0
792.0
774.4
793.6
806.4
824.0
819.2
833.6
800.0
793.6
841.6
806.4
819.2
808.0
800.0
793.6
806.4
824.0
1715.2
848.0
857.6
819.2
808.0
800.0
793.6
798.4
824.0
819.2
843.2
790.4
793.6
840.0
838.4
844.8
864.0
846.4
870.4
889.6
865.6
819.2
798.4
841.6
793.6
828.8
369.6
460.8
833.6
809.6
768.0
785.6
748.8
793.6
800.0
798.4
819.2
808.0
816.0
793.6
798.4
832.0
819.2
798.4
833.6
793.6
816.0
817.6
768.0
800.0
800.0
793.6
808.0
798.4
819.2
816.0
816.0
793.6
833.6
806.4
819.2
806.4
832.0
819.2
841.6
796.8
844.8
798.4
840.0
819.2
806.4
840.0
819.2
796.8
848.0
844.8
824.0
828.7
742.4
704.0
307.2
384.0
825.6
668.8
972.8
864.0
844.8
896.0
880.0
870.4
896.0
891.2
833.6
793.6
806.4
840.0
819.2
865.6
832.0
819.2
779.2
728.0
716.8
724.8
771.2
844.8
902.4
921.6
896.0
878.4
902.4
921.6
870.4
912.0
896.0
878.4
896.0
896.0
873.6
854.4
870.4
849.6
840.0
819.2
899.2
987.2
921.6
928.0
923.2
870.4
876.8
803.2
230.4
513.6
744.0
742.4
771.2
846.4
870.4
886.4
899.2
204.8
659.2
856.0
4044.8
801.6
792.0
768.0
816.0
816.0
793.6
857.6
832.0
819.2
843.2
790.4
793.6
809.6
784.0
768.0
774.4
800.0
793.6
806.4
841.6
793.6
824.0
824.0
819.2
857.6
840.0
819.2
857.6
840.0
819.2
816.0
806.4
819.2
824.0
832.0
819.2
825.6
808.0
793.6
800.0
808.0
793.6
784.0
792.0
768.0
792.0
782.4
793.6
816.0
817.6
768.0
808.0
808.0
793.6
800.0
800.0
793.6
776.0
785.6
742.4
768.0
784.0
768.0
808.0
814.4
819.2
808.0
798.4
819.2
800.0
817.6
768.0
774.4
817.6
768.0
790.4
816.0
793.6
832.0
840.0
819.2
841.6
800.0
793.6
800.0
801.6
768.0
792.0
792.0
768.0
835.2
790.4
793.6
809.6
782.4
793.6
792.0
774.4
793.6
782.4
808.0
793.6
816.0
806.4
819.2
816.0
800.0
793.6
816.0
800.0
793.6
806.4
833.6
793.6
798.4
825.6
793.6
806.4
824.0
819.2
816.0
800.0
793.6
817.6
777.5
742.4
739.2
688.0
665.6
734.4
758.4
768.0
804.8
864.0
844.8
854.4
872.0
870.4
820.8
235.2
435.2
846.4
872.0
870.4
889.6
857.6
819.2
841.6
800.0
793.6
798.4
824.0
819.2
830.4
846.4
870.4
891.2
838.4
844.8
865.6
824.0
819.2
808.0
800.0
793.6
488.0
766.4
768.0
774.4
808.0
793.6
816.0
809.6
768.0
800.0
817.6
768.0
782.4
800.0
793.6
796.8
849.6
819.2
840.0
824.0
819.2
841.6
808.0
793.6
816.0
808.0
793.6
833.6
806.4
819.2
841.6
796.8
844.8
849.6
832.0
819.2
801.6
774.4
793.6
792.0
774.4
793.6
817.6
792.0
768.0
816.0
806.4
819.2
841.6
806.4
819.2
824.0
843.2
768.0
768.0
776.0
768.0
734.4
760.0
742.4
798.4
822.4
844.8
862.4
883.2
819.2
832.0
824.0
819.2
814.4
822.4
844.8
822.4
849.6
819.2
838.4
481.6
563.2
1147.2
1478.4
332.8
280.0
273.6
998.4
254.4
392.0
640.0
657.6
632.0
614.4
624.0
625.6
204.8
278.4
537.6
768.0
406.4
420.8
332.8
369.6
224.0
588.8
1268.8
683.2
230.4
412.8
728.0
588.8
809.6
784.0
768.0
755.2
694.4
716.8
726.3
742.4
768.0
798.4
824.0
819.2
840.0
841.6
793.6
808.0
798.4
819.2
800.0
816.0
793.6
852.8
913.5
358.4
331.2
772.8
819.2
804.8
868.8
384.0
304.0
430.4
179.2
316.8
1512.0
1766.4
1296.0
791.9
1536.0
774.4
800.0
793.6
768.0
788.8
307.2
425.6
268.8
435.2
784.0
904.0
896.0
920.0
904.0
896.0
865.6
841.6
793.6
817.6
769.6
742.4
721.6
702.4
716.8
768.0
790.4
793.6
822.4
867.2
793.6
841.6
814.4
819.2
782.4
420.8
332.8
751.9
761.6
844.8
692.8
766.4
768.0
840.0
843.1
640.0
230.4
260.8
1971.2
697.6
673.6
640.0
624.0
617.6
588.8
588.8
644.8
691.2
710.4
737.6
691.2
736.0
724.8
768.0
774.4
800.0
793.6
809.6
792.0
768.0
768.0
771.2
972.8
801.6
790.4
793.6
804.8
865.6
819.2
808.0
817.6
768.0
760.0
744.0
742.4
588.8
1304.0
896.0
275.2
5964.7998
768.0
792.0
774.4
793.6
798.4
824.0
819.2
840.0
824.0
819.2
800.0
809.6
768.0
768.0
785.6
742.4
768.0
777.5
742.4
751.9
760.0
742.4
758.4
782.4
793.6
774.4
808.0
793.6
776.0
768.0
768.0
751.9
761.6
716.8
718.4
742.4
768.0
774.4
816.0
793.6
816.0
808.0
793.6
776.0
776.0
768.0
720.0
737.6
691.2
736.0
718.4
742.4
816.0
798.4
819.2
822.4
865.6
819.2
832.0
824.0
819.2
822.4
844.8
896.0
835.2
785.6
742.4
1030.4
550.4
819.2
1563.2
761.6
716.8
864.0
846.4
870.4
856.0
865.6
819.2
825.6
817.6
768.0
782.4
798.4
819.2
822.4
846.4
870.4
896.0
896.0
896.0
891.2
822.4
844.8
857.6
822.4
844.8
838.4
856.0
844.8
856.0
856.0
844.8
824.0
824.0
819.2
798.4
840.0
819.2
857.6
838.4
844.8
865.6
841.6
793.6
840.0
832.0
819.2
784.0
768.0
768.0
784.0
774.4
793.6
768.0
776.0
768.0
774.4
817.6
768.0
816.0
814.4
819.2
832.0
832.0
819.2
817.6
784.0
768.0
816.0
814.4
819.2
857.6
824.0
819.2
800.0
817.6
768.0
800.0
800.0
793.6
784.0
792.0
768.0
784.0
768.0
768.0
755.2
705.6
665.6
704.0
710.4
716.8
785.6
742.4
768.0
776.0
784.0
768.0
817.6
776.0
768.0
776.0
776.0
768.0
792.0
792.0
768.0
808.0
817.6
768.0
792.0
774.4
793.6
800.0
816.0
793.6
800.0
808.0
793.6
800.0
816.0
1561.6
776.0
776.0
768.0
784.0
784.0
768.0
792.0
784.0
768.0
814.4
841.6
793.6
841.6
817.6
768.0
782.4
809.6
768.0
784.0
792.0
768.0
777.5
753.6
716.8
718.4
742.4
768.0
782.4
816.0
793.6
816.0
808.0
793.6
822.4
849.6
819.2
247.9
380.8
921.6
768.0
768.0
768.0
768.0
785.6
742.4
768.0
792.0
768.0
774.4
808.0
793.6
800.0
816.0
793.6
865.6
832.0
819.2
833.6
817.6
768.0
798.4
833.6
793.6
841.6
812.8
1356.8
332.8
280.0
256.0
256.0
268.8
819.2
244.8
417.6
640.0
1945.6
646.4
2457.6001
590.4
633.6
588.8
625.6
1228.8
640.0
662.4
688.0
665.6
734.4
758.4
768.0
800.0
808.0
793.6
617.6
228.8
256.0
528.0
768.0
768.0
772.8
456.0
307.2
923.1
1390.4
768.0
761.6
718.4
742.4
718.4
760.0
742.4
742.4
768.0
768.0
747.2
1088.0
435.2
788.8
691.2
768.0
1542.4
798.4
819.2
774.4
809.6
768.0
769.6
751.9
742.4
751.9
742.4
768.0
902.4
676.8
1612.8
832.0
841.6
793.6
760.0
742.4
768.0
776.0
777.5
742.4
761.6
728.0
716.8
724.8
777.5
742.4
751.9
744.0
742.4
724.8
792.0
768.0
792.0
512.0
256.0
726.4
5740.7998
665.6
1243.2
553.6
2944.0
1275.2
452.8
486.4
438.4
464.0
332.8
265.6
625.6
332.8
353.6
697.6
665.6
665.6
400.0
256.0
899.2
208.0
2508.8
4771.2002
875.2
947.2
976.0
990.4
998.4
1041.6
1001.6
972.8
968.0
971.2
896.0
870.4
920.0
896.0
915.2
848.0
844.8
841.6
795.2
742.4
294.3
571.2
768.0
737.6
710.4
716.8
796.8
857.6
819.2
782.4
817.6
768.0
806.4
838.4
844.8
889.6
846.4
870.4
878.4
897.6
870.4
870.4
918.4
921.6
937.6
907.2
844.8
856.0
857.6
819.2
830.4
854.4
870.4
840.0
832.0
819.2
824.0
832.0
819.2
832.0
833.6
793.6
864.0
864.0
844.8
846.4
881.6
844.8
816.0
795.2
742.4
710.4
716.8
768.0
798.4
825.6
793.6
820.8
888.0
870.4
865.6
830.4
844.8
856.0
849.6
819.2
846.4
888.0
870.4
854.4
894.4
896.0
889.6
865.6
819.2
824.0
830.4
844.8
822.4
854.4
870.4
912.0
905.6
870.4
870.4
896.0
896.0
904.0
905.6
870.4
908.8
1096.0
563.2
278.4
944.0
921.6
289.6
387.2
332.8
763.2
712.0
691.2
1419.2
736.0
716.8
728.0
720.0
716.8
696.0
696.0
691.2
704.0
710.4
716.8
744.0
763.2
691.2
678.4
708.8
742.4
772.8
840.0
819.2
856.0
857.6
819.2
825.6
798.4
435.2
1048.0
913.6
742.4
774.4
800.0
793.6
836.8
878.4
896.0
904.0
897.6
870.4
848.0
857.6
819.2
840.0
840.0
819.2
800.0
798.4
819.2
832.0
840.0
819.2
864.0
856.0
844.8
809.6
273.5
358.4
153.6
769.6
742.4
715.1
1556.8
819.2
856.0
846.4
870.4
881.6
849.6
819.2
801.6
785.6
742.4
751.9
760.0
742.4
776.0
790.4
793.6
819.2
395.2
204.8
288.0
811.2
1510.4
641.6
366.4
384.0
723.2
558.4
435.2
731.2
294.4
179.2
323.2
272.0
512.0
876.8
433.5
640.0
684.8
724.7
1024.0
334.4
240.0
614.4
2260.8
3340.8
819.2
864.0
846.4
870.4
864.0
856.0
844.8
854.4
889.6
844.8
787.2
1868.8
896.0
913.6
878.4
896.0
881.6
848.0
844.8
824.0
822.4
844.8
814.4
838.4
844.8
873.6
862.4
870.4
872.0
888.0
870.4
889.6
854.4
870.4
848.0
864.0
844.8
897.6
870.4
896.0
848.0
854.4
870.4
881.6
849.6
819.2
824.0
825.6
1049.6
224.0
481.6
563.2
785.6
752.0
230.4
536.0
792.0
768.0
577.6
1065.6
640.0
635.2
182.4
588.8
238.4
1408.0
3200.0
689.6
1424.0
768.0
782.4
808.0
793.6
824.0
833.6
793.6
774.4
817.6
768.0
804.8
864.0
844.8
851.2
1710.4
819.2
832.0
843.2
768.0
792.0
782.4
793.6
806.4
825.6
793.6
500.8
299.2
742.4
729.6
696.0
691.2
732.8
782.4
793.6
822.4
856.0
844.8
857.6
833.6
793.6
817.6
768.0
768.0
782.4
808.0
793.6
792.0
774.4
793.6
784.0
782.4
793.6
817.6
776.0
768.0
830.4
600.0
332.8
556.8
214.4
486.4
728.0
729.6
1459.2
768.0
785.6
742.4
774.4
809.6
768.0
792.0
774.4
793.6
814.4
1465.6
537.6
283.2
761.6
716.8
716.8
784.0
768.0
790.4
812.8
844.8
889.6
856.0
844.8
872.0
873.6
844.8
856.0
848.0
844.8
806.4
822.4
844.8
848.0
864.0
844.8
833.6
808.0
793.6
840.0
830.4
844.8
865.6
832.0
819.2
798.4
832.0
819.2
856.0
849.6
819.2
822.4
848.0
844.8
825.6
808.0
793.6
817.6
784.0
768.0
808.0
798.4
819.2
785.6
760.0
742.4
784.0
782.4
793.6
840.0
833.6
793.6
800.0
800.0
793.6
784.0
769.6
742.4
796.8
865.6
819.2
1684.8
820.8
870.4
856.0
846.4
870.4
889.6
848.0
844.8
849.6
843.2
768.0
768.0
785.6
742.4
774.4
816.0
793.6
804.8
862.4
870.4
872.0
880.0
870.4
857.6
832.0
819.2
864.0
856.0
844.8
872.0
888.0
870.4
888.0
872.0
870.4
848.0
848.0
844.8
843.2
784.0
768.0
784.0
785.6
742.4
768.0
787.2
716.8
702.4
734.4
742.4
790.4
814.4
819.2
772.8
843.2
768.0
760.0
753.6
716.8
720.0
728.0
716.8
718.4
760.0
742.4
776.0
776.0
768.0
776.0
776.0
768.0
792.0
776.0
768.0
742.4
785.6
742.4
761.6
718.4
742.4
750.4
791.9
1536.0
651.2
734.4
742.4
798.4
830.4
844.8
849.6
824.0
819.2
830.4
865.6
819.2
854.4
873.6
844.8
880.0
636.8
1561.6
420.8
611.2
665.6
774.4
800.0
793.6
793.6
768.0
768.0
768.0
777.5
742.4
952.0
822.4
844.8
822.4
859.2
281.6
312.0
187.2
768.0
772.8
840.0
819.2
864.0
846.4
870.4
913.6
870.4
896.0
857.6
832.0
819.2
862.4
878.4
896.0
945.6
896.0
896.0
848.0
864.0
844.8
872.0
872.0
870.4
856.0
848.0
844.8
835.2
259.2
332.8
963.2
792.0
768.0
838.4
860.8
896.0
928.0
937.6
896.0
579.2
270.4
281.6
1284.8
435.2
1920.0
705.6
2220.8
716.8
811.2
745.6
716.8
729.6
704.0
691.2
718.4
751.9
742.4
792.0
788.8
1587.2
776.0
782.4
793.6
864.0
857.6
819.2
848.0
851.2
793.6
800.0
793.6
768.0
768.0
780.8
691.2
840.0
841.6
793.6
854.4
880.0
870.4
892.8
796.8
844.8
824.0
825.6
793.6
806.4
840.0
307.2
446.4
216.0
588.8
2262.3
745.6
716.8
617.6
352.0
460.8
720.0
724.8
768.0
742.4
779.2
716.8
2092.8
716.8
768.0
817.6
790.4
793.6
864.0
606.4
230.4
270.4
540.8
844.8
865.6
840.0
819.2
798.4
832.0
819.2
840.0
833.6
793.6
808.0
798.4
819.2
748.8
1577.6
768.0
211.1
299.2
230.4
731.2
670.4
691.2
716.8
790.4
281.6
470.4
504.0
742.4
1937.6
742.4
768.0
790.4
817.6
768.0
822.4
867.2
2329.6001
430.4
3387.2
768.0
774.4
798.4
819.2
814.4
326.4
460.8
217.5
574.4
588.8
310.4
204.8
384.0
246.4
1048.0
896.0
720.0
728.0
716.8
1420.8
694.4
716.8
744.0
505.6
204.8
340.8
390.3
281.6
206.4
236.8
1433.6
777.6
371.2
307.2
276.8
441.6
409.6
1027.2
718.4
742.4
1569.6
257.6
358.4
760.0
1403.2
563.2
299.2
240.0
358.4
259.2
350.4
1382.4
289.6
404.8
691.2
1440.0
1452.8
716.8
696.0
699.2
512.0
1032.0
387.2
3020.8
1089.6
305.6
256.0
931.2
236.8
1305.6
720.0
720.0
716.8
718.4
744.0
358.4
1118.4
760.0
742.4
784.0
777.5
742.4
760.0
756.8
793.6
689.5
643.2
204.8
472.0
347.2
537.6
259.2
603.2
665.6
1161.6
894.4
1664.0
840.0
832.0
819.2
862.4
886.4
896.0
873.6
856.0
844.8
841.6
801.6
768.0
1297.6
748.7
281.6
299.2
500.8
793.6
772.8
824.0
819.2
811.2
1652.8
793.6
923.2
372.8
921.6
680.0
1329.5
640.0
686.4
708.8
742.4
830.4
848.0
844.8
856.0
865.6
819.2
816.0
808.0
793.6
806.4
832.0
819.2
838.4
848.0
844.8
816.0
806.4
691.2
398.4
177.6
256.0
187.2
532.8
563.2
870.4
784.0
768.0
808.0
816.0
793.6
832.0
832.0
819.2
817.6
792.0
768.0
784.0
774.4
793.6
817.6
774.4
793.6
833.6
808.0
793.6
798.4
832.0
819.2
841.6
808.0
793.6
806.4
824.0
819.2
822.4
848.0
844.8
840.0
840.0
819.2
817.6
792.0
768.0
760.0
761.6
716.8
748.8
428.8
332.8
1536.0
270.4
537.6
808.0
817.6
768.0
792.0
787.2
716.8
700.7
750.4
768.0
798.4
838.4
1228.8
284.8
356.8
512.0
436.8
233.6
204.8
584.0
827.2
2688.0
904.0
912.0
896.0
878.4
904.0
896.0
870.4
920.0
896.0
913.6
872.0
1510.4
211.2
816.0
793.6
257.6
377.6
588.8
668.8
1100.8
1024.0
809.6
779.2
844.8
1241.6
969.6
1177.6
808.0
540.8
332.8
814.4
585.6
793.6
2036.8
680.0
665.6
686.4
2998.3999
588.8
608.0
590.4
614.4
652.8
707.2
768.0
840.0
832.0
819.2
833.6
808.0
793.6
816.0
812.8
844.8
904.0
913.6
870.4
897.6
883.2
819.2
784.0
776.0
768.0
785.6
766.4
768.0
782.4
800.0
793.6
798.4
832.0
819.2
824.0
833.6
793.6
774.4
817.6
768.0
808.0
816.0
793.6
809.6
779.2
716.8
680.0
684.8
716.8
772.8
840.0
819.2
865.6
828.8
870.4
825.6
809.6
768.0
798.4
822.4
844.8
830.4
844.8
896.0
873.6
864.0
844.8
841.6
809.6
768.0
753.6
737.6
691.2
726.3
764.8
793.6
904.0
910.4
921.6
945.6
896.0
896.0
880.0
889.6
844.8
857.6
830.4
844.8
840.0
822.4
844.8
838.4
856.0
844.8
862.4
880.0
870.4
825.6
816.0
793.6
838.4
864.0
844.8
860.8
910.4
921.6
937.6
896.0
896.0
907.2
856.0
844.8
913.6
873.6
844.8
880.0
888.0
870.4
854.4
888.0
870.4
820.8
878.4
896.0
891.2
833.6
793.6
840.0
824.0
819.2
856.0
862.4
870.4
888.0
881.6
844.8
889.6
848.0
844.8
806.4
832.0
819.2
848.0
848.0
332.8
499.2
696.0
691.2
790.4
676.8
716.8
2507.2
790.4
793.6
848.0
859.2
793.6
836.8
880.0
870.4
867.2
934.4
947.2
913.6
876.8
921.6
955.2
913.6
870.4
897.6
881.6
844.8
867.2
809.6
768.0
792.0
774.4
793.6
814.4
828.8
870.4
920.0
912.0
896.0
841.6
801.6
768.0
806.4
838.4
844.8
902.4
936.0
921.6
945.6
912.0
896.0
896.0
913.6
870.4
819.2
900.8
947.2
988.8
905.6
870.4
920.0
902.4
921.6
964.8
872.0
870.4
840.0
822.4
844.8
830.4
851.2
921.6
926.4
961.6
921.6
945.6
912.0
896.0
972.8
1025.6
998.4
1046.4
1067.2
998.4
971.2
900.8
947.2
993.6
966.4
972.8
1031.9
1038.4
1049.6
1073.6
1030.4
1049.6
1070.4
1092.8
998.4
1048.0
1027.2
1100.8
1051.2
1147.2
1075.2
1080.0
1078.4
1100.8
1099.2
1028.8
1075.2
1070.4
1089.6
1049.6
1051.2
1150.4
1024.0
1070.4
1078.4
1100.8
1089.6
936.0
921.6
910.4
924.8
972.8
1008.0
1001.6
972.8
976.0
972.8
896.0
841.6
816.0
793.6
840.0
840.0
819.2
806.4
828.8
870.4
892.8
816.0
793.6
796.8
852.8
896.0
1003.2
964.8
870.4
913.6
881.6
844.8
859.2
945.6
896.0
904.0
912.0
896.0
878.4
918.4
921.6
923.2
880.0
870.4
888.0
889.6
844.8
870.4
913.6
870.4
897.6
880.0
870.4
939.2
872.0
870.4
881.6
854.4
870.4
872.0
878.4
896.0
889.6
865.6
819.2
864.0
844.8
896.0
881.6
848.0
844.8
920.0
905.6
870.4
840.0
820.8
870.4
878.4
920.0
896.0
912.0
896.0
896.0
870.4
904.0
896.0
870.4
913.6
870.4
905.6
870.4
896.0
958.4
979.2
921.6
897.6
889.6
844.8
888.0
872.0
870.4
1008.0
1012.8
921.6
945.6
900.8
947.2
897.6
889.6
844.8
902.4
923.2
870.4
865.6
822.4
844.8
848.0
857.6
819.2
849.6
952.0
947.2
889.6
851.2
921.6
916.8
840.0
819.2
848.0
848.0
844.8
846.4
878.4
896.0
889.6
856.0
844.8
846.4
878.4
896.0
840.0
843.2
768.0
824.0
840.0
819.2
824.0
822.4
844.8
832.0
824.0
819.2
814.4
820.8
870.4
915.2
848.0
844.8
889.6
864.0
844.8
849.6
841.6
793.6
822.4
857.6
819.2
824.0
840.0
819.2
841.6
808.0
793.6
841.6
816.0
793.6
822.4
856.0
844.8
878.4
920.0
896.0
873.6
857.6
819.2
824.0
824.0
819.2
816.0
796.8
844.8
846.4
881.6
844.8
892.8
936.0
921.6
912.0
912.0
896.0
897.6
889.6
844.8
889.6
856.0
844.8
824.0
824.0
819.2
784.0
792.0
768.0
812.8
868.8
896.0
897.6
886.4
896.0
915.2
865.6
819.2
857.6
824.0
819.2
830.4
856.0
844.8
896.0
897.6
870.4
902.4
921.6
896.0
878.4
920.0
896.0
944.0
928.0
921.6
976.0
988.8
896.0
896.0
907.2
844.8
784.0
776.0
768.0
771.2
856.0
844.8
924.8
992.0
972.8
926.4
952.0
947.2
929.6
915.2
844.8
848.0
856.0
844.8
824.0
836.8
870.4
912.0
918.4
921.6
960.0
953.6
921.6
985.6
953.6
921.6
918.4
944.0
921.6
920.0
918.4
921.6
952.0
952.0
947.2
915.2
848.0
844.8
803.1
760.0
742.4
784.0
780.8
819.2
892.8
944.0
921.6
924.8
985.6
947.2
923.2
889.6
844.8
856.0
857.6
819.2
840.0
824.0
819.2
825.6
817.6
768.0
817.6
782.4
793.6
785.6
758.4
768.0
816.0
811.2
870.4
902.4
936.0
921.6
918.4
926.4
819.2
808.0
800.0
793.6
804.8
862.4
870.4
960.0
971.2
896.0
992.0
984.0
972.8
984.0
984.0
972.8
984.0
980.7
1024.0
1009.6
984.0
972.8
1019.2
963.2
896.0
905.6
878.4
896.0
1076.8
1128.0
998.4
945.6
900.8
947.2
942.4
950.4
972.8
1012.8
1059.2
998.4
924.8
977.6
1075.2
1124.8
1040.0
1024.0
1024.0
1024.0
1024.0
1000.0
1006.3
1024.0
998.4
1035.2
972.8
1016.0
1016.0
998.4
982.4
1004.8
1049.6
950.4
993.6
947.2
1073.6
1024.0
1024.0
1035.2
992.0
972.8
993.6
960.0
947.2
984.0
993.6
947.2
985.6
963.2
896.0
912.0
912.0
896.0
905.6
870.4
896.0
873.6
856.0
844.8
867.2
817.6
768.0
776.0
776.0
768.0
784.0
792.0
768.0
785.6
751.9
742.4
792.0
780.8
819.2
908.8
966.4
972.8
963.2
896.0
896.0
896.0
902.4
921.6
963.2
920.0
896.0
944.0
928.0
921.6
926.4
952.0
947.2
910.4
944.0
921.6
961.6
928.0
921.6
1004.8
1072.0
921.6
942.4
964.8
998.4
964.8
888.0
870.4
936.0
945.6
896.0
904.0
918.4
921.6
913.6
880.0
870.4
880.0
872.0
870.4
889.6
848.0
844.8
856.0
867.2
793.6
806.4
830.4
844.8
846.4
876.8
921.6
961.6
939.2
870.4
908.8
969.6
921.6
884.8
944.0
1049.6
1031.9
1024.0
1024.0
1016.0
1016.0
998.4
982.4
1009.6
972.8
976.0
979.2
921.6
936.0
924.8
972.8
1019.2
969.6
921.6
966.4
995.2
921.6
926.4
968.0
947.2
952.0
971.2
896.0
880.0
892.8
921.6
1001.6
987.2
921.6
934.4
969.6
921.6
912.0
904.0
896.0
908.8
960.0
947.2
1004.8
1062.4
947.2
953.6
1072.0
921.6
944.0
942.4
947.2
1068.8
1102.4
998.4
1000.0
1000.0
998.4
952.0
950.4
972.8
960.0
953.6
921.6
880.0
878.4
896.0
880.0
880.0
870.4
915.2
846.4
870.4
854.4
870.4
896.0
872.0
884.8
921.6
865.6
827.2
896.0
926.4
953.6
921.6
952.0
963.2
896.0
945.6
904.0
896.0
846.4
873.6
844.8
857.6
828.8
870.4
780.8
830.4
844.8
888.0
876.8
921.6
936.0
931.2
870.4
856.0
848.0
844.8
825.6
817.6
768.0
808.0
816.0
793.6
808.0
796.8
844.8
846.4
873.6
844.8
881.6
864.0
844.8
841.6
814.4
819.2
822.4
865.6
819.2
889.6
848.0
844.8
838.4
864.0
844.8
881.6
862.4
870.4
880.0
873.6
844.8
865.6
841.6
793.6
787.2
718.4
742.4
792.0
771.2
844.8
862.4
883.2
947.2
993.6
955.2
896.0
913.6
880.0
870.4
864.0
854.4
870.4
881.6
848.0
844.8
864.0
854.4
870.4
905.6
888.0
870.4
936.0
944.0
921.6
928.0
923.2
870.4
814.4
822.4
844.8
806.4
830.4
844.8
886.4
904.0
896.0
974.4
1014.4
896.0
824.0
843.2
768.0
753.6
736.0
460.8
216.0
992.0
332.8
297.6
771.2
844.8
606.4
240.0
358.4
633.6
598.4
614.4
614.4
640.0
640.0
1321.6
648.0
640.0
1320.0
688.0
665.6
710.4
716.8
768.0
798.4
828.8
870.4
920.0
904.0
896.0
915.2
867.2
793.6
790.4
814.4
819.2
864.0
864.0
844.8
912.0
897.6
870.4
841.6
817.6
768.0
744.0
753.6
716.8
742.4
790.4
793.6
844.8
904.0
896.0
886.4
896.0
896.0
848.0
857.6
819.2
833.6
806.4
819.2
844.8
896.0
896.0
878.4
918.4
793.6
787.2
737.6
691.2
704.0
704.0
691.2
732.8
780.8
819.2
878.4
913.6
870.4
800.0
817.6
768.0
784.0
792.0
768.0
812.8
854.4
870.4
889.6
857.6
819.2
800.0
793.6
768.0
753.6
737.6
691.2
712.0
712.0
691.2
721.6
696.0
691.2
782.4
816.0
793.6
814.4
822.4
844.8
857.6
820.8
870.4
865.6
833.6
793.6
806.4
822.4
844.8
793.6
777.5
742.4
742.4
776.0
768.0
912.0
907.2
844.8
888.0
880.0
870.4
832.0
836.8
870.4
905.6
892.8
793.6
779.2
718.4
358.4
337.6
694.4
716.8
748.8
803.1
742.4
1531.2
838.4
844.8
857.6
828.8
870.4
920.0
915.2
844.8
916.8
820.8
870.4
870.4
904.0
896.0
870.4
904.0
896.0
904.0
904.0
896.0
884.8
928.0
921.6
854.4
876.8
921.6
894.4
899.2
972.8
945.6
916.8
947.2
899.2
854.4
870.4
904.0
913.6
870.4
910.4
926.4
947.2
929.6
902.4
921.6
905.6
880.0
870.4
873.6
849.6
819.2
880.0
880.0
870.4
820.8
889.6
844.8
865.6
830.4
844.8
889.6
856.0
844.8
888.0
881.6
844.8
870.4
900.8
947.2
779.2
976.0
844.8
854.4
889.6
844.8
912.0
896.0
896.0
878.4
904.0
896.0
912.0
902.4
921.6
905.6
889.6
844.8
888.0
872.0
870.4
846.4
884.8
793.6
808.0
798.4
819.2
867.2
808.0
793.6
817.6
777.6
358.4
395.2
737.6
691.2
688.0
684.8
716.8
766.4
779.2
844.8
910.4
944.0
921.6
936.0
944.0
921.6
940.8
848.0
844.8
825.6
800.0
793.6
804.8
856.0
844.8
913.6
888.0
870.4
848.0
846.4
870.4
873.6
854.4
870.4
902.4
944.0
921.6
942.4
958.4
972.8
937.6
918.4
921.6
928.0
929.6
896.0
932.8
993.6
947.2
915.2
864.0
844.8
817.6
769.6
742.4
728.0
1747.2
921.6
968.0
960.0
947.2
819.2
1025.6
870.4
870.4
913.6
870.4
936.0
928.0
921.6
934.4
963.2
896.0
937.6
913.6
870.4
846.4
880.0
870.4
870.4
904.0
896.0
889.6
854.4
870.4
848.0
856.0
844.8
891.2
822.4
844.8
862.4
881.6
844.8
912.0
904.0
896.0
872.0
889.6
844.8
849.6
830.4
844.8
889.6
852.8
896.0
900.8
968.0
947.2
944.0
926.4
947.2
905.6
872.0
870.4
862.4
894.4
896.0
950.4
995.2
921.6
969.6
923.2
870.4
872.0
873.6
844.8
862.4
889.6
844.8
920.0
920.0
896.0
872.0
880.0
870.4
849.6
840.0
819.2
854.4
872.0
870.4
878.4
910.4
921.6
947.2
912.0
896.0
905.6
872.0
870.4
913.6
878.4
1664.0
817.6
897.6
998.4
1040.0
1025.6
998.4
963.2
912.0
896.0
896.0
907.2
844.8
803.1
744.0
742.4
764.8
798.4
819.2
852.8
912.0
896.0
891.2
822.4
844.8
865.6
822.4
844.8
846.4
880.0
870.4
889.6
854.4
870.4
889.6
865.6
819.2
1403.2
180.8
742.4
760.0
752.0
614.4
428.8
1233.6
819.2
846.4
891.2
819.2
824.0
825.6
793.6
798.4
830.4
844.8
904.0
904.0
896.0
912.0
896.0
896.0
854.4
888.0
870.4
873.6
856.0
844.8
856.0
854.4
870.4
880.0
888.0
870.4
870.4
915.2
844.8
889.6
864.0
844.8
840.0
830.4
844.8
864.0
844.8
896.0
872.0
891.2
819.2
832.0
843.2
768.0
744.0
1526.4
256.0
310.4
854.4
230.4
737.6
575.9
563.2
568.0
585.6
537.6
552.0
539.2
1126.4
574.4
596.8
640.0
654.4
680.0
409.6
257.6
744.0
2278.3999
788.8
840.0
819.2
870.4
896.0
896.0
904.0
912.0
896.0
913.6
876.8
921.6
928.0
945.6
896.0
920.0
907.2
460.8
808.0
814.4
819.2
846.4
248.0
614.4
905.6
894.4
896.0
960.0
961.6
921.6
966.4
844.8
1024.0
894.4
1683.2
844.8
929.5
1031.9
1024.0
1048.0
1040.0
1024.0
961.6
934.4
947.2
945.6
920.0
896.0
1000.0
1020.8
921.6
990.4
1003.2
947.2
950.4
985.6
947.2
916.8
968.0
947.2
945.6
908.8
947.2
953.6
936.0
281.6
268.7
572.8
486.4
336.0
347.2
4761.6001
832.0
832.0
819.2
804.8
864.0
844.8
888.0
872.0
870.4
883.2
840.0
819.2
848.0
849.6
819.2
814.4
838.4
844.8
865.6
830.4
844.8
832.0
822.4
844.8
806.4
833.6
793.6
808.0
804.8
844.8
896.0
915.2
844.8
864.0
856.0
844.8
769.6
763.2
691.2
740.8
774.4
793.6
830.4
862.4
870.4
913.6
888.0
870.4
881.6
856.0
844.8
894.4
918.4
921.6
904.0
904.0
896.0
912.0
918.4
921.6
969.6
937.6
896.0
926.4
952.0
947.2
926.4
960.0
947.2
955.2
902.4
921.6
945.6
904.0
896.0
932.8
995.2
921.6
936.0
926.4
947.2
870.4
905.6
870.4
888.0
884.8
921.6
984.0
985.6
947.2
966.4
993.6
947.2
961.6
945.6
896.0
992.0
984.0
972.8
952.0
947.2
896.0
881.6
846.4
870.4
856.0
857.6
819.2
833.6
795.2
870.4
902.4
921.6
896.0
910.4
936.0
921.6
916.8
950.4
972.8
977.6
952.0
947.2
960.0
961.6
921.6
910.4
926.4
947.2
995.2
924.8
972.8
1017.6
992.0
972.8
1017.6
996.8
896.0
870.4
912.0
896.0
937.6
910.4
921.6
924.8
985.6
1843.2
902.4
929.6
896.0
870.4
900.8
947.2
936.0
945.6
896.0
960.0
953.6
921.6
905.6
878.4
896.0
881.6
856.0
844.8
888.0
870.4
896.0
912.0
896.0
896.0
910.4
926.4
947.2
900.8
952.0
947.2
945.6
902.4
921.6
942.4
953.6
921.6
902.4
936.0
921.6
939.2
880.0
870.4
870.4
913.6
870.4
844.8
905.6
870.4
848.0
862.4
870.4
891.2
832.0
819.2
281.6
512.0
384.0
404.8
179.2
4480.0
830.4
846.4
870.4
822.4
859.2
793.6
1513.6
740.8
256.0
412.8
736.0
716.8
776.0
784.0
768.0
798.3
1214.4
204.8
788.8
958.4
716.8
715.2
526.4
921.6
766.4
772.8
819.2
857.6
832.0
819.2
862.4
884.8
921.6
1664.0
777.5
742.4
766.4
780.8
819.2
812.8
868.8
896.0
907.2
854.4
870.4
883.2
838.4
844.8
880.0
884.8
793.6
840.0
824.0
819.2
768.0
768.0
768.0
782.4
817.6
768.0
808.0
798.4
819.2
817.6
776.0
768.0
737.6
704.0
691.2
784.0
784.0
768.0
776.0
768.0
768.0
798.4
838.4
844.8
849.6
824.0
819.2
809.6
785.6
742.4
744.0
751.9
742.4
745.6
720.0
716.8
760.0
758.4
768.0
796.8
854.4
870.4
406.4
425.6
768.0
785.6
760.0
742.4
758.4
772.8
819.2
1686.4
809.6
768.0
761.6
737.6
691.2
712.0
704.0
691.2
720.0
728.0
716.8
736.0
214.4
486.4
737.6
712.0
691.2
707.2
1419.2
716.8
332.8
387.2
716.8
1344.0
1340.8
1126.4
217.6
318.4
332.8
316.8
379.2
307.2
644.8
692.8
486.4
736.0
737.6
691.2
2452.8
312.0
819.2
256.0
769.6
614.4
596.8
1288.0
640.0
656.0
652.8
307.2
206.4
760.0
614.4
617.6
1238.4
230.4
286.4
960.0
2355.2
852.8
779.2
716.8
708.7
371.2
307.2
324.8
252.8
281.6
1198.4
708.8
742.4
924.8
848.0
844.8
857.6
841.6
793.6
856.0
867.2
793.6
864.0
848.0
844.8
888.0
889.6
844.8
880.0
873.6
844.8
822.4
856.0
844.8
830.4
846.4
870.4
883.2
838.4
844.8
833.6
798.4
819.2
816.0
808.0
793.6
824.0
824.0
819.2
1347.2
656.0
512.0
305.6
384.0
256.0
225.6
446.4
1484.8
663.9
654.4
665.6
686.4
710.4
716.8
716.8
776.0
768.0
808.0
817.6
768.0
824.0
840.0
819.2
857.6
838.4
844.8
824.0
843.2
768.0
768.0
792.0
768.0
830.4
862.4
870.4
864.0
854.4
870.4
905.6
872.0
870.4
883.2
832.0
819.2
846.4
888.0
870.4
913.6
889.6
844.8
870.4
915.2
844.8
886.4
912.0
896.0
905.6
889.6
844.8
881.6
857.6
819.2
822.4
865.6
819.2
824.0
822.4
844.8
862.3
380.8
665.6
561.6
777.6
230.4
457.6
678.4
307.2
393.6
232.0
358.4
299.2
251.2
2611.2
640.0
657.6
614.4
648.0
654.4
665.6
668.8
728.0
716.8
782.4
806.4
819.2
825.6
816.0
793.6
806.4
833.6
793.6
1664.0
905.6
870.4
864.0
852.8
896.0
907.2
856.0
844.8
862.4
880.0
870.4
856.0
844.8
896.0
896.0
897.6
870.4
900.8
971.2
896.0
822.4
848.0
844.8
873.6
848.0
844.8
824.0
833.6
793.6
856.0
865.6
819.2
865.6
822.4
844.8
889.6
856.0
844.8
822.4
864.0
844.8
865.6
820.8
870.4
880.0
881.6
844.8
822.4
848.0
844.8
824.0
832.0
819.2
864.0
864.0
844.8
865.6
830.4
844.8
824.0
841.6
793.6
832.0
824.0
819.2
808.0
808.0
793.6
774.4
808.0
793.6
830.4
864.0
844.8
832.0
833.6
793.6
838.4
865.6
819.2
830.4
849.6
819.2
849.6
824.0
819.2
848.0
856.0
844.8
822.4
864.0
844.8
905.6
873.6
844.8
864.0
864.0
844.8
841.6
798.4
819.2
838.4
857.6
819.2
841.6
816.0
793.6
832.0
833.6
793.6
833.6
806.4
819.2
833.6
816.0
793.6
841.6
800.0
793.6
816.0
798.4
819.2
800.0
817.6
768.0
817.6
776.0
768.0
792.0
782.4
793.6
784.0
792.0
768.0
774.4
798.4
819.2
824.0
841.6
793.6
840.0
832.0
819.2
808.0
798.4
819.2
840.0
832.0
819.2
865.6
840.0
819.2
841.6
800.0
793.6
814.4
830.4
844.8
864.0
864.0
844.8
848.0
865.6
819.2
846.4
881.6
844.8
841.6
816.0
793.6
841.6
808.0
793.6
798.4
824.0
819.2
825.6
798.4
819.2
824.0
832.0
819.2
798.4
833.6
793.6
848.0
849.6
819.2
824.0
840.0
819.2
857.6
833.6
793.6
806.4
824.0
819.2
808.0
816.0
793.6
822.4
857.6
819.2
820.8
889.6
844.8
840.0
824.0
819.2
848.0
848.0
844.8
824.0
841.6
793.6
808.0
808.0
793.6
822.4
857.6
819.2
841.6
796.8
844.8
824.0
840.0
819.2
832.0
830.4
844.8
830.4
857.6
819.2
840.0
830.4
844.8
864.0
857.6
819.2
822.4
864.0
844.8
841.6
800.0
793.6
798.4
824.0
819.2
798.4
840.0
819.2
944.0
940.8
844.8
873.6
865.6
819.2
864.0
864.0
844.8
865.6
828.8
870.4
873.6
856.0
844.8
822.4
864.0
844.8
849.6
832.0
819.2
856.0
865.6
819.2
856.0
856.0
844.8
856.0
857.6
819.2
857.6
830.4
844.8
841.6
798.4
819.2
841.6
806.4
819.2
830.4
849.6
819.2
833.6
806.4
819.2
849.6
833.6
793.6
830.4
865.6
819.2
820.8
872.0
870.4
883.2
824.0
819.2
822.4
848.0
844.8
832.0
840.0
819.2
862.4
883.2
819.2
808.0
806.4
819.2
820.8
891.2
819.2
846.4
873.6
844.8
832.0
832.0
819.2
822.4
848.0
844.8
840.0
824.0
819.2
814.4
840.0
819.2
838.4
848.0
844.8
913.6
1009.6
1100.8
1008.0
1017.6
972.8
833.6
800.0
793.6
809.6
920.0
1024.0
968.0
948.8
998.4
1001.6
984.0
972.8
988.8
910.4
793.6
816.0
808.0
793.6
808.0
817.6
768.0
800.0
798.4
819.2
806.4
832.0
819.2
798.4
824.0
819.2
832.0
833.6
793.6
824.0
824.0
819.2
806.4
841.6
793.6
808.0
814.4
819.2
830.4
849.6
819.2
832.0
822.4
844.8
846.4
883.2
819.2
830.4
856.0
844.8
828.8
872.0
870.4
881.6
848.0
844.8
864.0
848.0
844.8
846.4
881.6
844.8
856.0
864.0
844.8
832.0
824.0
819.2
857.6
822.4
844.8
848.0
867.2
793.6
808.0
806.4
819.2
806.4
822.4
844.8
891.2
832.0
819.2
840.0
840.0
819.2
824.0
822.4
844.8
751.9
753.6
588.8
315.2
396.8
947.2
742.4
785.6
742.4
718.4
744.0
742.4
696.0
712.0
435.2
235.2
705.6
665.6
668.8
3812.8
768.0
808.0
816.0
793.6
784.0
784.0
768.0
792.0
776.0
768.0
800.0
808.0
793.6
841.6
816.0
793.6
792.0
774.4
793.6
800.0
817.6
768.0
774.4
800.0
793.6
684.8
208.0
460.8
281.6
787.1
1484.8
751.9
751.9
742.4
751.9
751.9
742.4
753.6
736.0
716.8
720.0
732.8
1408.0
736.0
734.4
742.4
784.0
774.4
793.6
814.4
840.0
819.2
801.6
913.6
614.4
768.0
785.6
230.4
843.2
531.2
844.8
875.2
825.6
793.6
779.2
718.4
742.4
750.4
788.8
819.2
846.4
880.0
870.4
844.8
896.0
896.0
897.6
1139.2
1331.2
2252.8
784.0
768.0
840.0
820.8
870.4
910.4
942.4
947.2
960.0
953.6
921.6
974.4
1006.3
1024.0
1000.0
1016.0
998.4
1008.0
1001.6
972.8
971.2
896.0
896.0
912.0
905.6
870.4
857.6
840.0
819.2
880.0
872.0
870.4
904.0
902.4
921.6
900.8
953.6
921.6
878.4
904.0
896.0
940.8
976.0
972.8
948.8
1004.8
921.6
1884.8
912.0
896.0
905.6
878.4
896.0
913.6
884.8
921.6
945.6
905.6
870.4
881.6
852.8
896.0
920.0
913.6
870.4
1020.8
932.8
972.8
979.2
921.6
896.0
916.8
968.0
947.2
921.6
913.6
870.4
838.4
864.0
844.8
864.0
846.4
870.4
888.0
888.0
870.4
888.0
886.4
896.0
876.8
928.0
921.6
920.0
912.0
896.0
902.4
926.4
947.2
944.0
945.6
896.0
929.6
904.0
896.0
907.2
864.0
844.8
848.0
856.0
844.8
832.0
832.0
819.2
854.4
889.6
844.8
832.0
830.4
844.8
848.0
848.0
844.8
864.0
865.6
819.2
830.4
862.4
870.4
904.0
897.6
870.4
888.0
880.0
870.4
888.0
880.0
870.4
913.6
889.6
844.8
864.0
862.4
870.4
880.0
886.4
896.0
880.0
870.4
896.0
880.0
888.0
870.4
912.0
904.0
896.0
915.2
862.4
870.4
897.6
888.0
870.4
880.0
880.0
870.4
888.0
872.0
870.4
864.0
865.6
819.2
848.0
849.6
307.2
280.0
1035.2
716.8
700.8
1403.2
691.2
750.4
780.8
1587.2
806.4
841.6
793.6
806.4
841.6
793.6
832.0
838.4
844.8
910.4
928.0
921.6
912.0
896.0
896.0
833.6
811.2
742.4
758.4
916.8
947.2
950.4
985.6
947.2
937.6
913.6
870.4
872.0
872.0
870.4
835.2
776.0
768.0
836.8
886.4
896.0
936.0
944.0
921.6
942.4
966.4
972.8
953.6
936.0
921.6
945.6
896.0
896.0
920.0
902.4
921.6
944.0
944.0
921.6
907.2
854.4
870.4
883.2
832.0
819.2
860.8
1683.2
844.8
881.6
856.0
844.8
856.0
864.0
844.8
868.8
276.8
563.2
856.0
856.0
844.8
880.0
883.2
819.2
835.2
784.0
768.0
782.4
303.9
1305.6
1374.4
1396.8
665.6
1297.6
1272.0
614.4
624.0
614.4
640.0
656.0
646.4
665.6
688.0
678.4
691.2
720.0
734.4
742.4
576.0
963.2
768.0
822.4
854.4
870.4
1782.4
913.6
870.4
830.4
848.0
844.8
902.4
937.6
896.0
878.4
920.0
896.0
846.4
881.6
844.8
878.4
913.6
870.4
889.6
870.3
1126.4
232.0
872.0
870.4
892.8
945.6
896.0
920.0
920.0
896.0
876.8
816.0
921.6
888.0
880.0
870.4
838.4
864.0
844.8
806.4
1603.2
768.0
776.0
792.0
768.0
777.5
750.4
768.0
745.6
736.0
716.8
776.0
780.8
819.2
848.0
854.4
870.4
913.6
873.6
844.8
848.0
854.4
870.4
859.2
409.6
768.0
267.2
212.8
1536.0
788.8
1608.0
819.2
856.0
857.6
819.2
846.4
888.0
870.4
862.4
889.6
844.8
832.0
820.8
870.4
900.8
833.6
793.6
769.6
751.9
742.4
798.4
824.0
819.2
857.6
824.0
819.2
841.6
808.0
537.6
304.0
806.4
819.2
835.2
768.0
768.0
716.8
776.0
768.0
792.0
772.8
819.2
864.0
856.0
844.8
849.6
824.0
819.2
793.6
779.2
716.8
691.2
776.0
768.0
828.8
876.8
921.6
961.6
936.0
921.6
952.0
964.8
870.4
862.4
888.0
870.4
856.0
854.4
870.4
880.0
891.2
819.2
835.2
790.4
793.6
830.4
864.0
844.8
830.4
864.0
844.8
832.0
822.4
844.8
840.0
838.4
844.8
848.0
848.0
844.8
833.6
808.0
793.6
832.0
832.0
819.2
838.4
854.4
870.4
1668.8
832.0
819.2
849.6
841.6
793.6
840.0
841.6
793.6
776.0
777.5
742.4
1345.6
688.0
665.6
724.8
774.4
793.6
836.8
870.4
896.0
880.0
872.0
870.4
857.6
825.6
793.6
790.4
808.0
793.6
830.4
846.4
870.4
860.8
902.4
921.6
931.2
870.4
896.0
907.2
865.6
819.2
870.4
897.6
870.4
870.4
912.0
896.0
872.0
878.4
896.0
904.0
905.6
870.4
907.2
849.6
819.2
833.6
817.6
768.0
812.8
844.8
896.0
913.6
894.4
896.0
897.6
880.0
870.4
905.6
881.6
844.8
856.0
856.0
844.8
844.8
1801.6
870.4
889.6
848.0
844.8
824.0
840.0
819.2
856.0
846.4
870.4
913.6
889.6
844.8
872.0
894.4
768.0
800.0
800.0
793.6
867.2
923.2
998.4
1008.0
1000.0
998.4
953.6
945.6
896.0
896.0
908.8
819.2
832.0
833.6
793.6
846.4
880.0
870.4
856.0
862.4
870.4
488.0
374.4
256.0
542.4
2625.6001
1689.6
889.6
848.0
844.8
854.4
889.6
844.8
862.4
880.0
870.4
849.6
827.2
768.0
696.0
713.6
665.6
702.4
716.8
768.0
771.2
862.4
870.4
865.6
820.8
870.4
881.6
864.0
844.8
854.4
880.0
870.4
886.4
902.4
921.6
902.4
936.0
921.6
913.6
870.4
896.0
907.2
856.0
844.8
856.0
856.0
844.8
862.4
886.4
896.0
888.0
870.4
896.0
907.2
856.0
844.8
880.0
881.6
844.8
862.4
870.4
896.0
872.0
870.4
896.0
896.0
664.0
1024.0
830.4
214.4
614.4
830.4
857.6
819.2
803.1
742.4
768.0
769.6
756.8
1433.6
734.4
766.4
768.0
828.8
870.4
896.0
433.6
406.4
793.6
704.0
828.7
742.4
747.2
1595.2
1664.0
1147.2
564.8
870.4
865.6
840.0
819.2
2620.8
241.6
204.8
1558.4
804.8
844.8
780.8
822.4
844.8
870.4
905.6
870.4
902.4
934.4
947.2
936.0
928.0
921.6
920.0
913.6
870.4
830.4
480.0
332.8
814.4
572.8
998.4
800.0
808.0
793.6
785.6
750.4
768.0
763.2
694.4
716.8
788.8
820.8
870.4
896.0
918.4
921.6
942.4
840.0
819.2
838.4
854.4
870.4
878.4
912.0
896.0
886.4
896.0
896.0
889.6
864.0
844.8
883.2
825.6
793.6
785.6
761.6
716.8
763.2
702.4
716.8
758.4
771.2
460.8
889.6
864.0
844.8
881.6
857.6
819.2
856.0
864.0
844.8
856.0
848.0
844.8
289.6
534.4
793.6
830.4
848.0
844.8
912.0
920.0
896.0
900.8
971.2
896.0
870.4
905.6
870.4
854.4
888.0
870.4
907.2
846.4
870.4
888.0
889.6
844.8
881.6
857.6
819.2
864.0
862.4
870.4
854.4
872.0
870.4
873.6
856.0
844.8
867.2
816.0
793.6
800.0
800.0
793.6
820.8
870.4
896.0
844.8
904.0
896.0
905.6
880.0
870.4
865.6
824.0
819.2
830.4
854.4
870.4
852.8
902.4
921.6
905.6
872.0
870.4
848.0
857.6
819.2
822.4
857.6
819.2
777.5
761.6
716.8
870.4
904.0
896.0
862.4
888.0
870.4
833.6
796.8
844.8
800.0
808.0
793.6
798.4
819.2
256.0
558.4
820.8
870.4
859.2
800.0
793.6
742.4
788.8
691.2
704.0
712.0
691.2
694.4
718.4
742.4
824.0
832.0
819.2
822.4
865.6
819.2
790.4
814.4
819.2
912.0
904.0
896.0
840.0
822.4
844.8
881.6
859.2
1689.6
905.6
873.6
844.8
840.0
822.4
844.8
865.6
838.4
844.8
872.0
891.2
819.2
846.4
880.0
870.4
825.6
796.8
844.8
913.6
880.0
870.4
912.0
897.6
870.4
870.4
896.0
896.0
846.4
872.0
870.4
854.4
1644.8
793.6
776.0
782.4
793.6
867.2
798.4
819.2
870.4
905.6
870.4
844.8
913.6
870.4
892.8
808.0
793.6
816.0
806.4
819.2
828.8
878.4
896.0
920.0
904.0
896.0
912.0
905.6
870.4
864.0
865.6
819.2
822.4
864.0
844.8
889.6
862.4
870.4
849.6
824.0
819.2
816.0
800.0
793.6
854.3
764.8
793.6
1649.6
864.0
844.8
854.4
888.0
870.4
915.2
862.4
870.4
905.6
870.4
896.0
896.0
905.6
870.4
920.0
905.6
870.4
900.8
971.2
896.0
856.0
848.0
844.8
841.6
806.4
819.2
865.6
819.2
896.0
912.0
915.2
844.8
843.2
777.5
742.4
734.4
241.6
460.8
737.6
694.4
716.8
742.4
768.0
768.0
648.0
896.0
768.0
745.6
228.8
512.0
744.0
742.4
768.0
774.4
808.0
793.6
1313.6
272.0
768.0
816.0
796.8
844.8
1708.8
862.4
870.4
854.4
872.0
870.4
857.6
824.0
819.2
856.0
856.0
844.8
868.8
2568.0
896.0
886.4
920.0
896.0
886.4
904.0
896.0
889.6
846.4
870.4
904.0
905.6
870.4
880.0
889.6
844.8
848.0
867.2
793.6
500.8
299.2
742.4
736.0
736.0
716.8
736.0
729.6
691.2
678.4
712.0
691.2
728.0
728.0
716.8
819.2
649.5
742.4
790.4
816.0
1049.6
550.4
830.4
844.8
854.4
870.4
896.0
886.4
918.4
921.6
908.8
958.4
972.8
896.0
905.6
870.4
870.4
534.4
281.6
798.4
820.8
870.4
884.8
936.0
921.6
944.0
928.0
921.6
888.0
888.0
870.4
894.4
904.0
896.0
899.2
862.4
870.4
888.0
888.0
870.4
904.0
896.0
896.0
888.0
880.0
870.4
872.0
888.0
870.4
913.6
880.0
870.4
896.0
897.6
870.4
852.8
912.0
896.0
915.2
846.4
870.4
883.2
828.8
230.4
552.0
806.4
819.2
902.4
945.6
896.0
944.0
928.0
921.6
902.4
929.6
896.0
864.0
846.4
870.4
889.6
862.4
870.4
897.6
891.2
819.2
835.2
785.6
742.4
742.4
776.0
768.0
769.6
764.8
1433.6
696.0
715.1
640.0
657.6
632.0
614.4
688.0
809.6
896.0
950.4
984.0
972.8
998.4
1043.2
972.8
985.6
953.6
921.6
896.0
904.0
896.0
881.6
856.0
844.8
864.0
856.0
844.8
1094.4
598.4
870.4
904.0
899.2
1740.8
880.0
873.6
844.8
852.8
912.0
896.0
910.4
929.6
896.0
912.0
897.6
870.4
849.6
840.0
819.2
832.0
832.0
819.2
865.6
832.0
819.2
830.4
864.0
844.8
872.0
883.2
819.2
856.0
848.0
844.8
830.4
857.6
819.2
806.4
824.0
819.2
832.0
832.0
819.2
800.0
809.6
768.0
808.0
808.0
793.6
816.0
798.4
819.2
800.0
816.0
793.6
840.0
841.6
793.6
832.0
824.0
819.2
830.4
865.6
819.2
832.0
832.0
819.2
798.4
841.6
793.6
832.0
832.0
819.2
889.6
857.6
819.2
856.0
856.0
844.8
832.0
822.4
844.8
862.4
1641.6
844.8
846.4
880.0
870.4
824.0
824.0
819.2
808.0
806.4
819.2
846.4
881.6
844.8
870.4
913.6
870.4
825.6
808.0
793.6
800.0
801.6
768.0
816.0
816.0
793.6
822.4
857.6
819.2
795.2
252.8
537.6
774.4
817.6
768.0
784.0
782.4
793.6
820.8
881.6
844.8
864.0
846.4
870.4
864.0
864.0
844.8
889.6
848.0
844.8
806.4
841.6
793.6
832.0
832.0
819.2
814.4
838.4
844.8
880.0
888.0
870.4
870.4
913.6
870.4
849.6
824.0
819.2
902.4
937.6
896.0
934.4
961.6
921.6
897.6
878.4
896.0
913.6
872.0
870.4
846.4
872.0
870.4
848.0
848.0
844.8
865.6
843.2
768.0
576.0
321.6
921.6
836.8
489.6
588.8
1126.4
257.6
998.4
2473.6001
659.2
1356.8
702.4
728.0
716.8
718.4
761.6
716.8
672.0
672.0
665.6
878.4
913.6
870.4
912.0
896.0
896.0
912.0
912.0
896.0
936.0
926.4
947.2
960.0
950.4
972.8
955.2
896.0
896.0
904.0
904.0
896.0
908.8
968.0
947.2
942.4
966.4
972.8
963.2
897.6
870.4
860.8
896.0
896.0
888.0
249.6
588.8
846.4
883.2
435.2
758.4
275.2
204.8
816.0
806.4
819.2
832.0
830.4
844.8
857.6
830.4
844.8
873.6
848.0
844.8
865.6
822.4
844.8
873.6
864.0
844.8
864.0
846.4
870.4
888.0
881.6
844.8
886.4
897.6
870.4
905.6
889.6
844.8
889.6
844.8
896.0
896.0
896.0
1792.0
856.0
854.4
870.4
886.4
896.0
896.0
913.6
889.6
844.8
838.4
854.4
870.4
854.4
880.0
870.4
896.0
904.0
896.0
920.0
915.2
844.8
848.0
848.0
844.8
838.4
846.4
870.4
846.4
880.0
870.4
838.4
859.2
537.6
408.0
3211.2
4044.8
785.6
758.4
768.0
808.0
800.0
793.6
792.0
790.4
793.6
833.6
796.8
844.8
854.4
881.6
844.8
880.0
889.6
844.8
878.4
915.2
844.8
889.6
864.0
844.8
886.4
896.0
896.0
792.0
782.4
793.6
825.6
817.6
768.0
745.6
736.0
332.8
377.6
211.1
281.6
972.8
768.0
768.0
737.6
713.6
665.6
680.0
672.0
665.6
675.1
763.2
819.2
918.4
945.6
896.0
916.8
956.8
998.4
1025.6
1000.0
998.4
1006.3
1033.6
998.4
1017.6
977.6
947.2
945.6
902.4
921.6
945.6
913.6
870.4
910.4
936.0
921.6
944.0
928.0
921.6
894.4
900.8
947.2
953.6
924.8
972.8
985.6
953.6
921.6
907.2
857.6
819.2
857.5
577.6
281.6
766.4
900.8
819.2
830.4
865.6
819.2
865.6
707.2
256.0
372.8
296.0
793.6
817.6
785.6
742.4
718.4
750.4
768.0
1664.0
904.0
896.0
1766.4
896.0
896.0
832.0
832.0
819.2
848.0
848.0
844.8
860.8
920.0
896.0
904.0
896.0
896.0
896.0
896.0
896.0
913.6
878.4
896.0
896.0
912.0
896.0
905.6
888.0
870.4
817.6
780.8
1587.2
816.0
806.4
819.2
857.6
830.4
844.8
833.6
809.6
768.0
796.8
867.2
793.6
798.4
824.0
819.2
824.0
830.4
844.8
840.0
840.0
819.2
846.4
870.4
896.0
915.2
864.0
844.8
848.0
856.0
844.8
862.4
889.6
844.8
872.0
881.6
844.8
857.6
840.0
819.2
846.4
880.0
870.4
880.0
889.6
844.8
864.0
856.0
844.8
865.6
840.0
819.2
862.4
872.0
1766.4
851.2
793.6
768.0
742.4
782.4
793.6
822.4
856.0
844.8
862.4
888.0
870.4
848.0
865.6
819.2
832.0
832.0
819.2
846.4
888.0
870.4
912.0
902.4
921.6
912.0
912.0
896.0
897.6
872.0
870.4
870.4
905.6
870.4
854.4
880.0
870.4
848.0
849.6
819.2
843.2
784.0
768.0
745.6
736.0
716.8
782.4
804.8
844.8
870.4
915.2
844.8
897.6
873.6
844.8
774.4
801.6
768.0
812.8
862.4
870.4
905.6
872.0
870.4
870.4
897.6
870.4
904.0
913.6
870.4
878.4
912.0
896.0
913.6
880.0
870.4
883.2
840.0
819.2
848.0
856.0
844.8
888.0
872.0
870.4
880.0
872.0
870.4
854.4
880.0
870.4
889.6
862.4
870.4
888.0
880.0
870.4
920.0
902.4
921.6
937.6
913.6
870.4
896.0
913.6
870.4
870.4
904.0
896.0
902.4
936.0
921.6
918.4
936.0
921.6
904.0
912.0
1792.0
961.6
928.0
921.6
968.0
950.4
972.8
992.0
992.0
972.8
977.6
969.6
921.6
969.6
936.0
921.6
878.4
896.0
896.0
942.4
968.0
947.2
902.4
944.0
921.6
963.2
912.0
896.0
912.0
905.6
870.4
896.0
904.0
896.0
870.4
912.0
896.0
915.2
846.4
870.4
873.6
865.6
819.2
846.4
883.2
819.2
848.0
865.6
819.2
848.0
848.0
844.8
888.0
888.0
870.4
870.4
896.0
896.0
894.4
910.4
921.6
904.0
896.0
896.0
865.6
832.0
819.2
832.0
833.6
793.6
808.0
798.4
819.2
865.6
838.4
844.8
913.6
872.0
870.4
912.0
904.0
896.0
920.0
905.6
870.4
859.2
793.6
1536.0
1438.4
712.0
691.2
713.6
676.8
460.8
276.8
830.4
332.8
784.0
643.2
1100.8
156.8
473.6
1459.2
663.9
662.4
665.6
710.4
736.0
716.8
782.4
809.6
768.0
776.0
779.2
716.8
710.4
739.2
793.6
804.8
852.8
896.0
608.0
1120.0
844.8
902.4
937.6
896.0
902.4
937.6
896.0
945.6
905.6
870.4
910.4
921.6
896.0
889.6
844.8
896.0
905.6
886.4
896.0
910.4
939.2
870.4
878.4
918.4
921.6
928.0
942.4
947.2
1031.9
1048.0
896.0
936.0
945.6
896.0
888.0
886.4
896.0
980.8
904.0
896.0
902.4
940.8
844.8
854.4
880.0
870.4
840.0
838.4
844.8
854.4
880.0
870.4
846.4
870.4
896.0
864.0
864.0
844.8
913.6
880.0
870.4
854.4
886.4
896.0
897.6
881.6
844.8
848.0
856.0
844.8
856.0
848.0
844.8
867.2
936.0
921.6
888.0
872.0
870.4
820.8
878.4
896.0
872.0
876.8
921.6
905.6
889.6
844.8
856.0
860.8
896.0
883.2
841.6
793.6
867.2
806.4
819.2
843.2
792.0
768.0
888.0
873.6
972.8
1092.8
878.4
896.0
910.4
921.6
896.0
862.4
876.8
921.6
913.6
872.0
870.4
844.8
897.6
870.4
840.0
836.8
870.4
872.0
873.6
844.8
848.0
852.8
896.0
880.0
872.0
870.4
808.0
804.8
844.8
907.2
1100.8
1024.0
976.0
985.6
947.2
947.2
908.8
819.2
816.0
798.4
819.2
857.6
828.8
870.4
921.5
1134.3
1024.0
1009.6
987.2
921.6
872.0
891.2
819.2
875.2
841.6
793.6
832.0
824.0
819.2
848.0
854.4
870.4
857.6
828.8
870.4
844.8
920.0
896.0
849.6
840.0
819.2
857.6
820.8
870.4
872.0
886.4
896.0
848.0
864.0
844.8
838.4
856.0
844.8
854.4
888.0
870.4
913.6
878.4
896.0
897.6
881.6
844.8
820.8
891.2
819.2
867.2
796.8
844.8
854.4
872.0
870.4
840.0
828.8
870.4
862.4
870.4
896.0
824.0
830.4
844.8
856.0
856.0
844.8
840.0
828.8
870.4
848.0
848.0
844.8
822.4
854.4
870.4
841.6
796.8
844.8
822.4
864.0
844.8
824.0
832.0
819.2
833.6
816.0
793.6
798.4
822.4
844.8
830.4
856.0
972.8
910.4
942.4
819.2
888.0
891.2
819.2
864.0
848.0
844.8
830.4
865.6
819.2
846.4
873.6
844.8
897.6
889.6
844.8
857.6
840.0
819.2
905.6
891.2
819.2
857.6
838.4
844.8
875.2
832.0
819.2
856.0
864.0
844.8
867.2
806.4
819.2
846.4
873.6
844.8
840.0
830.4
844.8
824.0
822.4
844.8
881.6
865.6
819.2
872.0
889.6
844.8
865.6
838.4
844.8
897.6
872.0
870.4
840.0
820.8
870.4
857.6
840.0
819.2
816.0
814.4
819.2
873.6
985.6
1075.2
1059.2
1003.2
947.2
918.4
936.0
921.6
996.8
897.6
870.4
905.6
878.4
896.0
912.0
899.2
844.8
864.0
857.6
819.2
846.4
870.4
896.0
880.0
880.0
870.4
856.0
854.4
870.4
856.0
852.8
896.0
889.6
854.4
870.4
844.8
904.0
896.0
904.0
920.0
896.0
870.4
912.0
896.0
873.6
854.4
870.4
864.0
844.8
896.0
854.4
884.8
921.6
860.8
912.0
896.0
902.4
921.6
896.0
921.6
905.6
870.4
899.2
846.4
870.4
947.2
907.2
844.8
848.0
856.0
844.8
966.4
988.8
896.0
1020.8
1192.0
1049.6
1035.2
980.8
896.0
880.0
872.0
870.4
872.0
883.2
819.2
830.4
848.0
844.8
857.6
840.0
819.2
889.6
860.8
896.0
856.0
862.4
870.4
864.0
849.6
819.2
820.8
891.2
819.2
822.4
849.6
819.2
828.8
880.0
870.4
913.6
888.0
870.4
912.0
920.0
896.0
862.4
872.0
870.4
876.8
932.8
844.8
896.0
896.0
896.0
872.0
870.4
896.0
913.6
886.4
896.0
873.6
977.5
1203.2
1031.9
1041.6
998.4
894.4
908.8
1075.2
1076.8
884.8
921.6
905.6
876.8
921.6
908.8
950.4
972.8
886.4
920.0
896.0
905.6
889.6
844.8
880.0
888.0
870.4
873.6
864.0
844.8
840.0
836.8
870.4
832.0
830.4
844.8
864.0
857.6
819.2
820.8
873.6
844.8
814.4
824.0
819.2
840.0
832.0
819.2
872.0
876.8
921.6
1134.3
1040.0
1024.0
886.4
910.4
921.6
907.2
854.4
870.4
913.6
889.6
844.8
905.6
888.0
870.4
905.6
881.6
844.8
889.6
846.4
870.4
873.6
865.6
819.2
881.6
864.0
844.8
838.4
848.0
844.8
864.0
865.6
819.2
873.6
865.6
819.2
864.0
856.0
844.8
865.6
830.4
844.8
913.6
872.0
870.4
889.6
846.4
870.4
889.6
854.4
870.4
904.0
905.6
870.4
862.4
880.0
870.4
888.0
872.0
870.4
897.6
889.6
844.8
913.6
878.4
896.0
888.0
870.4
896.0
846.4
878.4
896.0
921.6
907.2
844.8
889.6
846.4
870.4
883.2
830.4
844.8
875.2
947.2
896.0
916.8
964.8
870.4
878.4
897.6
870.4
872.0
881.6
844.8
846.4
873.6
844.8
873.6
848.0
844.8
865.6
840.0
819.2
880.0
872.0
870.4
856.0
846.4
870.4
872.0
873.6
844.8
889.6
844.8
896.0
856.0
852.8
896.0
880.0
888.0
870.4
878.4
904.0
896.0
889.6
862.4
870.4
870.4
905.6
870.4
864.0
852.8
896.0
881.6
846.4
870.4
830.4
856.0
844.8
864.0
852.8
896.0
880.0
880.0
870.4
854.4
872.0
870.4
870.4
899.2
844.8
854.4
878.4
896.0
915.2
862.4
870.4
940.8
854.4
870.4
872.0
889.6
844.8
889.6
860.8
896.0
889.6
844.8
896.0
864.0
844.8
896.0
881.6
846.4
870.4
862.4
870.4
896.0
878.4
904.0
896.0
888.0
881.6
844.8
888.0
872.0
870.4
896.0
905.6
870.4
888.0
880.0
870.4
897.6
881.6
844.8
880.0
889.6
844.8
881.6
856.0
844.8
873.6
854.4
870.4
880.0
873.6
844.8
897.6
880.0
870.4
913.6
886.4
896.0
931.2
888.0
870.4
985.6
956.8
870.4
870.4
915.2
844.8
889.6
852.8
896.0
888.0
880.0
870.4
923.2
889.6
844.8
912.0
897.6
870.4
905.6
878.4
896.0
940.8
864.0
844.8
897.6
880.0
870.4
889.6
846.4
870.4
907.2
864.0
844.8
888.0
872.0
870.4
857.6
828.8
870.4
864.0
856.0
844.8
830.4
854.4
870.4
865.6
838.4
844.8
864.0
860.8
896.0
856.0
846.4
870.4
864.0
846.4
870.4
846.4
888.0
870.4
865.6
828.8
870.4
881.6
862.4
870.4
846.4
870.4
896.0
872.0
889.6
844.8
848.0
852.8
896.0
889.6
868.8
896.0
904.0
920.0
896.0
894.4
912.0
896.0
880.0
875.2
947.2
872.0
878.4
896.0
897.6
870.4
896.0
864.0
852.8
896.0
846.4
888.0
870.4
864.0
848.0
844.8
872.0
891.2
819.2
881.6
846.4
870.4
881.6
848.0
844.8
846.4
880.0
870.4
856.0
852.8
896.0
881.6
868.8
896.0
880.0
888.0
870.4
846.4
880.0
870.4
888.0
870.4
896.0
872.0
876.8
921.6
896.0
897.6
870.4
896.0
897.6
870.4
862.4
880.0
870.4
888.0
880.0
870.4
894.4
897.6
870.4
862.4
889.6
844.8
854.4
889.6
844.8
846.4
881.6
844.8
852.8
907.2
844.8
889.6
864.0
844.8
899.2
856.0
844.8
905.6
889.6
844.8
881.6
846.4
870.4
891.2
830.4
844.8
881.6
848.0
844.8
864.0
864.0
844.8
873.6
865.6
819.2
881.6
848.0
844.8
848.0
846.4
870.4
907.2
864.0
844.8
881.6
846.4
870.4
889.6
864.0
844.8
873.6
864.0
844.8
854.4
888.0
870.4
864.0
846.4
870.4
862.4
872.0
870.4
856.0
856.0
844.8
881.6
856.0
844.8
897.6
889.6
844.8
872.0
880.0
870.4
889.6
864.0
844.8
880.0
881.6
844.8
1726.4
856.0
844.8
864.0
846.4
870.4
856.0
844.8
896.0
864.0
862.4
870.4
913.6
886.4
896.0
862.4
870.4
896.0
880.0
873.6
844.8
915.2
862.4
870.4
897.6
872.0
870.4
846.4
878.4
896.0
864.0
868.8
896.0
872.0
880.0
870.4
1734.4
865.6
819.2
872.0
881.6
844.8
889.6
864.0
844.8
872.0
880.0
870.4
846.4
881.6
844.8
856.0
865.6
819.2
852.8
915.2
844.8
844.8
913.6
870.4
888.0
872.0
870.4
878.4
915.2
844.8
844.8
915.2
844.8
862.4
889.6
844.8
864.0
856.0
844.8
846.4
873.6
844.8
828.8
891.2
819.2
830.4
857.6
819.2
864.0
857.6
819.2
854.4
889.6
844.8
856.0
846.4
870.4
889.6
848.0
844.8
880.0
881.6
844.8
889.6
854.4
870.4
889.6
860.8
896.0
889.6
864.0
844.8
854.4
870.4
896.0
881.6
854.4
870.4
913.6
880.0
870.4
904.0
913.6
870.4
913.6
880.0
870.4
897.6
870.4
896.0
939.2
888.0
870.4
886.4
896.0
896.0
880.0
888.0
870.4
862.4
889.6
844.8
846.4
881.6
844.8
844.8
915.2
844.8
862.4
880.0
870.4
888.0
872.0
870.4
872.0
881.6
844.8
872.0
888.0
870.4
864.0
846.4
870.4
870.4
897.6
870.4
870.4
904.0
896.0
889.6
846.4
870.4
905.6
881.6
844.8
844.8
897.6
870.4
864.0
854.4
870.4
872.0
873.6
844.8
888.0
889.6
844.8
897.6
888.0
870.4
913.6
889.6
844.8
905.6
880.0
870.4
889.6
854.4
870.4
896.0
897.6
870.4
897.6
894.4
896.0
878.4
918.4
921.6
915.2
985.6
947.2
900.8
971.2
896.0
912.0
905.6
870.4
886.4
915.2
844.8
852.8
905.6
870.4
846.4
873.6
844.8
846.4
881.6
844.8
880.0
881.6
844.8
889.6
862.4
870.4
856.0
864.0
844.8
856.0
848.0
844.8
838.4
856.0
844.8
820.8
889.6
844.8
880.0
872.0
870.4
844.8
905.6
870.4
846.4
886.4
896.0
846.4
872.0
870.4
878.4
915.2
844.8
896.0
902.4
921.6
912.0
1792.0
896.0
886.4
904.0
896.0
912.0
913.6
870.4
913.6
886.4
896.0
920.0
905.6
870.4
870.4
915.2
844.8
870.4
907.2
844.8
862.4
872.0
870.4
864.0
848.0
844.8
846.4
881.6
844.8
862.4
872.0
870.4
854.4
889.6
844.8
846.4
881.6
844.8
846.4
1768.0
870.4
848.0
854.4
870.4
891.2
820.8
870.4
856.0
862.4
870.4
830.4
862.4
870.4
864.0
854.4
870.4
905.6
889.6
844.8
862.4
870.4
896.0
880.0
884.8
921.6
889.6
844.8
896.0
889.6
868.8
896.0
880.0
888.0
870.4
889.6
854.4
870.4
846.4
880.0
870.4
848.0
854.4
870.4
888.0
872.0
870.4
870.4
904.0
896.0
881.6
852.8
896.0
880.0
888.0
870.4
878.4
904.0
896.0
862.4
880.0
870.4
897.6
881.6
844.8
854.4
873.6
844.8
852.8
896.0
896.0
870.4
897.6
870.4
870.4
915.2
844.8
848.0
857.6
819.2
817.6
776.0
768.0
782.4
812.8
844.8
945.6
395.2
204.8
222.4
766.4
768.0
224.0
868.8
256.0
640.0
662.4
793.6
227.2
427.2
486.4
624.0
616.0
614.4
600.0
600.0
588.8
593.5
1224.0
1203.2
638.4
1294.4
665.6
2862.3999
1467.2
1792.0
227.2
1073.6
384.0
299.1
360.0
614.4
556.8
481.6
1075.2
592.0
345.5
563.2
457.6
283.2
486.4
260.8
329.6
281.6
505.6
1240.0
332.8
681.6
521.6
230.4
276.8
182.4
204.8
1024.0
408.0
256.0
243.2
452.7
358.4
212.8
265.6
358.4
216.0
468.8
256.0
347.2
537.6
384.0
350.3
368.0
358.4
326.4
225.6
563.2
478.4
247.9
358.4
268.8
323.2
384.0
667.2
372.8
281.6
865.6
307.2
384.0
465.6
313.5
281.6
398.4
670.4
691.2
668.8
592.0
460.8
276.8
190.4
460.8
308.8
230.4
256.0
187.2
392.0
256.0
636.8
433.5
640.0
643.2
1252.8
384.0
206.4
616.0
230.4
558.4
575.9
563.2
572.8
1148.8
537.6
561.6
528.0
512.0
513.6
1012.8
1433.6
248.0
488.0
742.4
273.6
2545.6001
4428.7998
2348.8
481.6
307.2
915.2
588.8
512.0
380.8
297.6
384.0
504.0
243.1
563.2
403.2
601.6
1843.2
640.0
268.8
435.2
3248.0
424.0
537.6
444.8
236.8
409.6
1220.8
632.0
614.4
1110.4
497.6
204.8
824.0
832.0
819.2
2088.0
673.6
256.0
1128.0
360.0
358.4
700.8
1396.8
665.6
663.9
646.4
665.6
692.8
750.4
768.0
769.6
753.6
716.8
340.8
404.8
691.2
704.0
1331.2
640.0
663.9
644.8
691.2
718.4
764.8
1433.6
721.6
705.6
665.6
680.0
686.4
691.2
740.8
790.4
793.6
1692.8
844.8
768.0
768.0
784.0
768.0
768.0
768.0
768.0
748.8
544.0
921.6
678.4
704.0
691.2
771.2
856.0
844.8
832.0
824.0
819.2
793.6
785.6
742.4
736.0
736.0
716.8
751.9
758.4
768.0
792.0
792.0
768.0
776.0
776.0
640.0
804.8
718.4
742.4
745.6
729.6
691.2
696.0
712.0
691.2
718.4
761.6
716.8
728.0
721.6
691.2
670.4
704.0
691.2
720.0
720.0
716.8
736.0
734.4
742.4
784.0
784.0
768.0
777.5
753.6
716.8
704.0
712.0
691.2
715.1
646.4
665.6
670.4
699.2
768.0
742.4
784.0
768.0
774.4
817.6
768.0
777.5
753.6
716.8
707.2
663.9
640.0
712.0
708.8
742.4
792.0
780.8
819.2
822.4
848.0
844.8
825.6
817.6
768.0
744.0
744.0
742.4
751.9
744.0
742.4
784.0
782.4
793.6
824.0
824.0
819.2
840.0
830.4
844.8
841.6
808.0
793.6
784.0
784.0
768.0
768.0
785.6
742.4
748.8
800.0
793.6
824.0
833.6
793.6
817.6
776.0
768.0
768.0
779.2
716.8
744.0
751.9
742.4
768.0
264.0
256.0
236.7
281.6
256.0
696.0
1860.7
358.4
233.6
344.0
204.8
2900.8
401.6
742.4
768.0
265.6
358.4
657.6
1129.6
1228.8
644.8
443.2
1280.0
5398.3999
4646.3999
179.2
641.6
364.7
281.6
622.4
1299.2
460.8
188.8
638.3
640.0
680.0
687.9
1305.6
849.6
459.1
640.0
710.4
716.8
768.0
787.2
475.2
281.6
758.4
776.0
768.0
785.6
760.0
742.4
750.4
768.0
768.0
742.4
776.0
768.0
774.4
811.2
742.4
751.9
760.0
742.4
752.0
494.4
256.0
2929.6001
2252.8
768.0
784.0
769.6
742.4
736.0
720.0
1484.8
792.0
772.8
819.2
864.0
864.0
844.8
889.6
848.0
844.8
848.0
856.0
844.8
856.0
848.0
844.8
830.4
856.0
844.8
892.8
806.4
819.2
825.6
808.0
793.6
814.4
822.4
1612.8
822.4
856.0
844.8
844.8
776.0
768.0
784.0
788.8
819.2
787.2
1622.4
870.4
904.0
912.0
896.0
880.0
873.6
844.8
830.4
854.4
870.4
880.0
888.0
870.4
878.4
920.0
896.0
913.6
1769.6
844.8
785.6
756.8
793.6
840.0
836.8
1638.4
814.4
824.0
819.2
1595.2
768.0
768.0
785.6
760.0
742.4
768.0
792.0
768.0
798.4
843.2
768.0
776.0
782.4
793.6
801.6
2321.6001
742.4
798.4
830.4
844.8
846.4
873.6
844.8
840.0
833.6
793.6
840.0
840.0
819.2
840.0
832.0
819.2
816.0
814.4
819.2
840.0
832.0
819.2
793.6
785.6
742.4
784.0
776.0
768.0
751.9
750.4
768.0
771.2
2388.8
768.0
760.0
763.2
307.2
483.2
806.4
819.2
833.6
806.4
819.2
817.6
792.0
768.0
816.0
806.4
819.2
820.8
881.6
844.8
888.0
240.0
614.4
841.6
811.2
1638.4
614.4
1040.0
1536.0
771.2
347.2
1177.6
736.0
718.4
742.4
785.6
760.0
742.4
771.2
854.4
870.4
920.0
912.0
896.0
891.2
824.0
819.2
808.0
817.6
2304.0
745.6
718.4
742.4
756.8
796.8
844.8
864.0
848.0
844.8
824.0
822.4
844.8
888.0
870.4
896.0
913.6
883.2
819.2
825.6
806.4
819.2
846.4
878.4
1664.0
779.2
726.3
742.4
764.8
804.8
844.8
846.4
888.0
870.4
889.6
846.4
870.4
881.6
856.0
844.8
825.6
808.0
793.6
808.0
817.6
768.0
856.0
856.0
844.8
833.6
809.6
768.0
816.0
816.0
793.6
798.4
832.0
819.2
806.4
832.0
819.2
832.0
832.0
819.2
800.0
806.4
819.2
836.8
744.0
870.4
809.6
779.2
716.8
784.0
782.4
793.6
800.0
817.6
768.0
785.6
752.0
1510.4
760.0
766.4
768.0
779.2
731.2
665.6
680.0
672.0
665.6
702.4
736.0
716.8
742.4
776.0
768.0
800.0
800.0
793.6
830.4
848.0
844.8
833.6
808.0
793.6
734.4
751.9
742.4
744.0
744.0
742.4
788.8
838.4
844.8
907.2
846.4
870.4
872.0
872.0
870.4
771.2
856.0
1612.8
798.4
825.6
793.6
854.4
872.0
870.4
872.0
873.6
1612.8
785.6
760.0
742.4
734.4
742.4
768.0
768.0
790.4
793.6
844.8
912.0
896.0
878.4
907.2
844.8
880.0
892.8
793.6
792.0
784.0
768.0
776.0
769.6
742.4
784.0
790.4
793.6
846.4
870.4
896.0
896.0
905.6
870.4
857.6
835.2
768.0
811.2
761.6
716.8
792.0
771.2
844.8
880.0
886.4
896.0
870.4
896.0
896.0
881.6
859.2
793.6
833.6
803.1
742.4
750.4
788.8
819.2
912.0
902.4
921.6
896.0
897.6
870.4
800.0
795.2
742.4
776.0
782.4
793.6
841.6
816.0
793.6
817.6
776.0
768.0
718.4
742.4
768.0
780.8
841.6
793.6
881.6
865.6
819.2
864.0
857.6
819.2
857.6
843.2
768.0
824.0
833.6
793.6
833.6
806.4
819.2
822.4
849.6
819.2
864.0
846.4
870.4
880.0
873.6
844.8
832.0
843.2
768.0
814.4
822.4
844.8
840.0
822.4
844.8
889.6
865.6
819.2
808.0
817.6
768.0
800.0
798.4
819.2
798.4
824.0
819.2
812.8
862.4
870.4
856.0
846.4
870.4
830.4
867.2
793.6
825.6
817.6
768.0
787.2
734.4
742.4
787.2
723.2
793.6
814.4
822.4
844.8
814.4
827.2
768.0
1563.2
748.8
793.6
809.6
780.8
819.2
864.0
864.0
844.8
873.6
857.6
819.2
830.4
857.6
819.2
880.0
872.0
870.4
854.4
872.0
870.4
832.0
843.2
768.0
825.6
808.0
793.6
830.4
344.0
332.8
1416.0
273.6
742.4
729.6
700.8
1382.4
716.8
768.0
768.0
435.2
785.6
230.4
721.6
705.6
665.6
649.6
633.6
588.8
600.0
592.0
588.8
592.0
600.0
588.8
588.8
644.8
691.2
715.2
1417.5
742.4
820.8
888.0
870.4
896.0
920.0
896.0
1729.6
808.0
793.6
814.4
830.4
844.8
881.6
846.4
870.4
859.2
816.0
793.6
817.6
768.0
768.0
812.8
854.4
870.4
848.0
848.0
844.8
865.6
833.6
793.6
774.4
811.2
742.4
728.0
728.0
716.8
760.0
760.0
742.4
792.0
772.8
819.2
800.0
816.0
793.6
774.4
817.6
768.0
784.0
792.0
768.0
792.0
776.0
768.0
776.0
792.0
768.0
832.0
822.4
844.8
611.2
302.4
691.2
720.0
737.6
691.2
697.6
673.6
1408.0
760.0
766.4
768.0
776.0
785.6
1510.4
1486.4
744.0
742.4
784.0
772.8
819.2
1670.4
800.0
793.6
768.0
785.6
742.4
776.0
768.0
768.0
774.4
808.0
1561.6
777.5
751.9
742.4
745.6
718.4
742.4
760.0
1510.4
768.0
716.8
779.2
716.8
726.3
750.4
768.0
774.4
1579.2
742.4
720.0
728.0
716.8
718.4
750.4
768.0
817.6
782.4
793.6
816.0
808.0
793.6
2339.1001
742.4
768.0
761.6
734.4
742.4
721.6
704.0
691.2
728.0
736.0
716.8
752.0
1510.4
768.0
776.0
776.0
768.0
566.4
214.3
742.4
760.0
246.4
384.0
912.0
774.4
793.6
816.0
816.0
793.6
840.0
824.0
819.2
824.0
824.0
819.2
841.6
806.4
819.2
824.0
822.4
844.8
843.2
771.2
1484.8
713.6
667.1
1382.4
712.0
692.8
742.4
724.8
772.8
819.2
862.4
880.0
870.4
857.6
833.6
793.6
790.4
2204.8
716.8
734.4
751.9
742.4
790.4
814.4
819.2
864.0
865.6
819.2
833.6
808.0
793.6
776.0
776.0
768.0
768.0
768.0
768.0
761.6
716.8
768.0
790.4
808.0
793.6
798.4
832.0
819.2
857.6
841.6
1561.6
782.4
817.5
1536.0
772.8
841.6
793.6
2456.0
792.0
768.0
768.0
792.0
768.0
790.4
806.4
819.2
848.0
865.6
819.2
841.6
793.6
768.0
751.9
760.0
742.4
1163.2
339.2
409.6
1092.8
235.2
179.2
305.6
273.6
230.4
1632.0
598.4
358.4
475.2
542.4
563.2
388.8
179.2
256.0
494.4
526.4
409.6
398.4
300.8
3532.8
758.4
782.4
1561.6
776.0
776.0
768.0
784.0
784.0
768.0
784.0
776.0
768.0
792.0
790.4
793.6
798.4
840.0
819.2
840.0
822.4
844.8
832.0
824.0
819.2
806.4
841.6
793.6
817.6
785.6
742.4
751.9
760.0
742.4
737.6
694.4
716.8
736.0
718.4
742.4
751.9
753.6
716.8
744.0
760.0
742.4
784.0
792.0
768.0
792.0
792.0
768.0
785.6
761.6
716.8
720.0
718.4
742.4
744.0
758.4
768.0
806.4
832.0
819.2
1652.8
809.6
768.0
753.6
734.4
1382.4
663.9
662.4
665.6
1404.8
678.4
691.2
724.8
774.4
793.6
798.4
832.0
819.2
825.6
816.0
793.6
801.6
782.4
793.6
808.0
798.4
819.2
751.9
750.4
384.0
366.4
792.0
768.0
718.4
751.9
742.4
772.8
820.8
870.4
913.6
872.0
870.4
1622.3
744.0
742.4
720.0
729.6
691.2
702.4
728.0
716.8
713.6
680.0
665.6
1422.4
1457.6
768.0
808.0
798.4
819.2
824.0
833.6
793.6
792.0
784.0
768.0
769.6
750.4
768.0
774.4
816.0
793.6
814.4
840.0
819.2
795.2
753.6
716.8
736.0
716.8
768.0
809.6
1676.8
819.2
809.6
769.6
742.4
751.9
760.0
742.4
774.4
809.6
768.0
742.4
785.6
742.4
790.4
816.0
793.6
811.2
761.6
716.8
721.6
713.6
1433.6
993.6
952.0
947.2
905.6
873.6
844.8
809.6
784.0
768.0
768.0
790.4
1433.6
758.4
790.4
793.6
790.4
812.8
460.8
344.0
865.6
819.2
768.0
768.0
768.0
760.0
744.0
742.4
2769.6001
705.6
665.6
712.0
443.2
256.0
753.6
718.4
742.4
1478.4
2129.6001
691.2
694.4
736.0
716.8
764.8
804.8
844.8
846.4
891.2
819.2
832.0
833.6
793.6
1488.0
736.0
716.8
760.0
761.5
1484.8
776.0
774.4
793.6
808.0
817.6
768.0
768.0
777.5
742.4
736.0
732.8
768.0
840.0
841.6
793.6
809.6
792.0
768.0
817.6
784.0
768.0
792.0
774.4
793.6
782.4
809.6
768.0
750.4
782.4
793.6
798.4
840.0
819.2
832.0
832.0
819.2
856.0
846.4
870.4
846.4
875.2
819.2
832.0
822.4
844.8
838.4
2384.0
716.8
724.8
275.2
460.8
760.0
742.4
768.0
792.0
776.0
768.0
776.0
774.4
793.6
840.0
830.4
844.8
864.0
865.6
819.2
824.0
828.8
614.4
1019.2
838.4
332.8
888.0
876.8
921.6
3548.8
771.2
844.8
857.6
833.6
793.6
790.4
806.4
819.2
864.0
848.0
844.8
768.0
384.0
384.0
744.0
883.1
563.2
276.8
454.4
716.8
1497.6
827.2
896.0
936.0
945.6
896.0
905.6
870.4
1664.0
774.4
800.0
793.6
800.0
798.4
819.2
830.4
844.8
896.0
912.0
896.0
896.0
873.6
848.0
844.8
801.6
768.0
768.0
720.0
726.3
742.4
772.8
824.0
819.2
833.6
800.0
793.6
751.9
742.4
768.0
751.9
744.0
742.4
728.0
728.0
716.8
718.4
742.4
768.0
792.0
792.0
768.0
817.6
792.0
768.0
760.0
742.4
768.0
784.0
768.0
768.0
1488.0
728.0
716.8
718.4
751.9
742.4
751.9
751.9
742.4
745.6
720.0
716.8
736.0
736.0
716.8
744.0
744.0
742.4
737.6
713.6
665.6
680.0
686.4
691.2
750.4
768.0
768.0
777.6
3057.6001
716.8
729.6
712.0
691.2
712.0
694.4
716.8
751.9
760.0
742.4
776.0
784.0
768.0
776.0
784.0
768.0
750.4
777.5
742.4
768.0
769.6
742.4
785.6
760.0
742.4
753.6
739.2
665.6
728.0
718.4
742.4
768.0
785.6
742.4
761.6
728.0
716.8
704.0
712.0
691.2
737.6
700.7
742.4
772.8
840.0
819.2
854.4
881.6
844.8
798.4
833.6
793.6
801.6
776.0
768.0
784.0
768.0
768.0
742.4
785.6
742.4
769.6
761.6
716.8
758.4
774.4
793.6
822.4
856.0
844.8
857.6
832.0
819.2
1547.2
600.0
588.8
259.2
478.4
230.4
712.0
702.4
716.8
1468.7
758.4
768.0
832.0
822.4
844.8
824.0
840.0
819.2
816.0
817.6
768.0
752.0
230.4
384.0
588.8
267.2
716.8
726.3
763.2
1459.2
729.6
696.0
691.2
681.6
652.8
691.2
699.2
774.4
793.6
800.0
803.1
742.4
720.0
720.0
716.8
776.0
792.0
768.0
1512.0
760.0
742.4
744.0
761.6
716.8
760.0
751.9
742.4
785.6
750.4
768.0
784.0
785.6
742.4
761.6
737.6
691.2
720.0
726.3
742.4
750.4
776.0
768.0
742.4
774.4
793.6
809.6
776.0
768.0
785.6
744.0
742.4
718.4
751.9
742.4
760.0
744.0
742.4
760.0
742.4
768.0
784.0
792.0
768.0
800.0
800.0
793.6
774.4
808.0
793.6
809.6
776.0
768.0
776.0
776.0
768.0
777.5
753.6
716.8
736.0
718.4
742.4
751.9
760.0
742.4
751.9
742.4
768.0
751.9
751.9
742.4
792.0
782.4
793.6
816.0
816.0
793.6
777.5
751.9
742.4
737.6
696.0
691.2
712.0
694.4
716.8
2028.8
670.4
691.2
832.0
824.0
819.2
793.6
916.8
691.2
761.6
721.6
691.2
681.6
640.0
640.0
656.0
662.4
665.6
716.8
792.0
768.0
806.4
830.4
844.8
857.6
833.6
793.6
776.0
784.0
1408.0
764.8
811.2
870.4
899.2
996.8
896.0
928.0
937.6
896.0
889.6
849.6
819.2
840.0
830.4
1612.8
1600.0
841.6
793.6
840.0
840.0
819.2
798.4
833.6
793.6
800.0
801.6
768.0
784.0
777.6
1510.4
729.6
712.0
691.2
699.2
1419.2
716.8
728.0
726.3
742.4
761.6
732.8
768.0
766.4
792.0
768.0
784.0
777.5
742.4
792.0
777.5
742.4
808.0
811.2
742.4
809.6
792.0
768.0
792.0
769.6
742.4
787.2
723.2
793.6
768.0
779.2
716.8
769.6
760.0
742.4
785.6
3196.8
793.6
798.4
824.0
819.2
713.6
688.0
665.6
696.0
713.6
665.6
720.0
728.0
716.8
750.4
777.6
1510.4
1592.0
825.6
793.6
806.4
833.6
793.6
822.4
865.6
819.2
824.0
833.6
793.6
782.4
801.6
768.0
801.6
273.6
486.4
784.0
776.0
768.0
792.0
790.4
793.6
817.6
774.4
793.6
798.4
840.0
819.2
1552.0
792.0
768.0
790.4
808.0
793.6
830.4
1617.6
819.2
822.4
865.6
819.2
809.6
769.6
742.4
744.0
758.4
768.0
796.8
856.0
844.8
848.0
1627.2
793.6
840.0
841.6
793.6
774.4
801.6
768.0
806.3
580.7
358.4
688.0
817.6
768.0
796.8
864.0
844.8
824.0
830.4
1612.8
1611.2
784.0
768.0
939.2
4721.6001
844.8
856.0
865.6
819.2
859.2
808.0
793.6
774.4
816.0
793.6
816.0
806.4
819.2
822.4
857.6
819.2
806.4
825.6
793.6
1628.8
782.4
793.6
774.4
800.0
793.6
756.8
300.8
460.8
771.2
844.8
640.0
219.2
798.4
819.2
777.5
760.0
2150.3999
710.4
724.8
768.0
814.4
824.0
819.2
849.6
841.6
665.6
844.8
3078.3999
793.6
848.0
864.0
844.8
889.6
848.0
844.8
881.6
864.0
844.8
856.0
856.0
844.8
832.0
824.0
819.2
790.4
800.0
793.6
832.0
827.2
768.0
820.8
873.6
844.8
848.0
848.0
844.8
772.8
843.2
768.0
817.6
784.0
768.0
774.4
800.0
793.6
1531.2
696.0
691.2
700.8
1384.0
230.4
1964.8
600.0
332.8
358.4
899.2
716.8
1363.2
668.8
716.8
758.4
782.4
793.6
793.6
780.8
819.2
806.4
843.2
768.0
825.6
817.6
768.0
801.6
776.0
768.0
817.6
772.8
819.2
844.8
902.4
921.6
928.0
931.2
870.4
872.0
875.2
819.2
782.4
814.4
819.2
886.4
913.6
870.4
912.0
910.4
921.6
929.6
896.0
896.0
889.6
848.0
844.8
824.0
833.6
793.6
822.4
846.4
870.4
870.4
896.0
896.0
913.6
892.8
793.6
800.0
798.4
819.2
812.8
857.6
819.2
857.6
832.0
819.2
806.4
822.4
844.8
822.4
856.0
844.8
838.4
865.6
819.2
833.6
808.0
793.6
816.0
800.0
793.6
774.4
809.6
768.0
792.0
774.4
793.6
776.0
774.4
793.6
816.0
800.0
793.6
784.0
769.6
742.4
779.2
718.4
742.4
721.6
713.6
665.6
707.2
1428.8
563.2
913.6
750.4
768.0
768.0
788.8
1459.2
761.6
718.4
742.4
734.4
751.9
742.4
753.6
734.4
742.4
776.0
790.4
793.6
830.4
848.0
844.8
840.0
840.0
819.2
857.6
833.6
793.6
801.6
785.6
742.4
760.0
760.0
742.4
785.6
753.6
716.8
702.4
731.2
1433.6
776.0
772.8
819.2
798.4
824.0
819.2
809.6
1552.0
768.0
808.0
817.6
768.0
808.0
816.0
793.6
865.6
832.0
819.2
816.0
798.4
819.2
841.6
816.0
793.6
824.0
843.2
768.0
841.6
816.0
793.6
784.0
768.0
768.0
787.2
724.8
768.0
752.0
2155.2
691.2
747.2
820.8
870.4
891.2
840.0
819.2
840.0
832.0
819.2
841.6
800.0
793.6
792.0
774.4
793.6
808.0
800.0
793.6
776.0
768.0
768.0
756.8
809.6
768.0
718.4
751.9
742.4
843.2
790.4
793.6
776.0
776.0
768.0
753.6
726.3
742.4
758.4
792.0
768.0
798.4
832.0
819.2
833.6
808.0
793.6
816.0
809.6
768.0
809.6
776.0
768.0
774.4
817.6
768.0
774.4
809.6
768.0
782.4
800.0
793.6
806.4
832.0
819.2
774.4
817.6
768.0
801.6
782.4
793.6
817.6
776.0
768.0
784.0
784.0
768.0
1552.0
790.4
793.6
822.4
1636.8
768.0
1454.4
702.4
716.8
800.0
798.4
819.2
816.0
808.0
793.6
822.4
856.0
844.8
830.4
851.2
793.6
816.0
798.4
819.2
814.4
824.0
819.2
808.0
800.0
793.6
833.6
806.4
819.2
814.4
830.4
844.8
867.2
814.4
819.2
867.2
806.4
819.2
814.4
822.4
844.8
865.6
822.4
844.8
774.4
798.4
819.2
801.6
782.4
793.6
806.4
832.0
819.2
616.0
240.0
358.4
249.6
209.6
819.2
808.0
808.0
793.6
788.8
828.8
870.4
881.6
846.4
870.4
883.2
822.4
844.8
841.6
796.8
844.8
828.8
382.4
1280.0
886.4
900.8
947.2
929.6
910.4
921.6
902.4
931.2
870.4
766.4
774.4
793.6
827.2
776.0
768.0
771.2
856.0
844.8
856.0
856.0
844.8
830.4
846.4
870.4
808.0
801.6
768.0
790.4
814.4
819.2
849.6
830.4
844.8
848.0
857.6
819.2
833.6
798.4
819.2
782.4
800.0
793.6
809.6
790.4
793.6
806.4
822.4
844.8
819.2
897.6
870.4
873.6
864.0
844.8
816.0
808.0
793.6
779.2
856.0
844.8
820.8
870.4
896.0
915.2
846.4
1638.4
784.0
768.0
768.0
777.6
368.0
358.4
788.8
568.0
691.2
412.8
612.8
1280.0
206.4
635.1
4403.2002
744.0
747.2
691.2
751.9
758.4
768.0
774.4
809.6
768.0
808.0
806.4
819.2
840.0
838.4
844.8
846.4
889.6
844.8
889.6
856.0
844.8
833.6
809.6
768.0
750.4
792.0
768.0
800.0
798.4
819.2
832.0
833.6
793.6
832.0
832.0
819.2
832.0
822.4
844.8
817.6
784.0
768.0
774.4
817.6
768.0
809.6
782.4
793.6
792.0
784.0
768.0
816.0
800.0
793.6
809.6
782.4
793.6
816.0
798.4
819.2
798.4
824.0
819.2
809.6
790.4
793.6
854.4
364.8
409.6
787.1
1494.3
742.4
792.0
782.4
793.6
808.0
816.0
793.6
816.0
808.0
793.6
816.0
798.4
819.2
800.0
800.0
793.6
774.4
816.0
793.6
782.4
800.0
793.6
1624.0
2531.2
793.6
816.0
817.6
768.0
761.6
739.2
665.6
705.6
676.8
716.8
718.4
753.6
716.8
751.9
760.0
742.4
751.9
751.9
742.4
785.6
755.2
691.2
712.0
700.7
742.4
750.4
777.5
742.4
774.4
817.6
768.0
784.0
785.6
1510.4
808.0
681.6
768.0
803.2
625.6
204.8
816.0
814.4
819.2
824.0
825.6
793.6
800.0
808.0
793.6
784.0
776.0
768.0
734.4
755.2
819.2
848.0
856.0
844.8
796.8
859.2
793.6
825.6
809.6
768.0
2304.0
1668.8
819.2
865.6
825.6
793.6
793.6
784.0
768.0
774.4
817.6
768.0
742.4
768.0
768.0
531.2
225.6
307.2
348.8
276.8
563.2
792.0
784.0
384.0
3187.2
2112.0
691.2
713.6
667.2
358.4
396.7
572.8
230.4
3672.0
736.0
716.8
792.0
782.4
793.6
1249.6
321.6
409.6
283.2
2678.3999
640.0
680.0
160.0
1177.6
849.6
833.6
1689.6
862.4
4584.0
870.4
232.0
248.0
998.4
865.6
700.8
998.4
899.2
1764.8
768.0
152.0
790.4
793.6
825.6
798.4
819.2
580.8
236.8
793.6
795.2
1649.6
1612.8
742.4
785.6
742.4
742.4
792.0
768.0
801.6
782.4
793.6
776.0
777.5
742.4
736.0
734.4
742.4
790.4
806.4
819.2
1619.2
1563.2
742.4
736.0
734.4
742.4
774.4
798.4
819.2
787.1
1502.4
742.4
748.7
283.2
486.4
2259.2
2092.8
1100.8
185.6
670.4
691.2
1428.8
694.4
1356.8
678.4
694.4
716.8
736.0
729.6
1459.2
737.6
704.0
691.2
713.6
688.0
665.6
710.4
736.0
716.8
710.4
732.8
768.0
860.8
896.0
896.0
878.4
913.6
870.4
881.6
859.2
793.6
787.2
736.0
716.8
782.4
1576.0
793.6
1427.2
206.4
358.4
433.6
774.4
1561.6
2291.2
310.4
204.8
257.6
489.6
332.8
486.4
912.0
256.0
648.0
648.0
640.0
670.4
702.4
716.8
776.0
784.0
768.0
784.0
2187.2
716.8
728.0
726.4
1510.4
772.8
579.2
384.0
3896.0
843.2
384.0
206.4
235.2
819.2
840.0
832.0
819.2
798.4
833.6
793.6
841.6
816.0
793.6
529.6
1012.8
793.6
476.8
385.6
486.4
694.4
728.0
716.8
721.6
840.0
819.2
862.4
880.0
870.4
860.8
774.4
793.6
774.4
800.0
793.6
748.8
808.0
793.6
808.0
801.6
512.0
272.0
1552.0
768.0
833.6
793.6
768.0
771.2
721.6
691.2
763.2
1459.2
768.0
814.4
822.4
844.8
859.2
416.0
409.6
824.0
824.0
1587.2
776.0
784.0
768.0
816.0
814.4
819.2
841.6
793.6
768.0
809.6
769.6
742.4
785.6
753.6
716.8
708.8
751.9
742.4
1443.1
761.6
716.8
742.4
768.0
768.0
755.2
1470.4
716.8
726.3
760.0
742.4
772.8
832.0
819.2
857.6
824.0
819.2
774.4
800.0
793.6
816.0
806.4
819.2
841.6
1576.0
793.6
817.6
784.0
768.0
782.4
817.6
768.0
824.0
841.6
793.6
824.0
833.6
793.6
776.0
785.6
742.4
784.0
776.0
768.0
718.4
760.0
742.4
792.0
784.0
768.0
470.4
1006.4
1408.0
691.2
774.4
793.6
803.1
756.8
793.6
328.0
1078.4
716.8
750.4
774.4
793.6
771.2
353.6
435.2
816.0
1566.4
819.2
812.8
856.0
844.8
865.6
825.6
793.6
318.4
334.4
358.4
2030.4
769.6
742.4
832.0
840.0
819.2
840.0
824.0
819.2
800.0
808.0
793.6
790.4
808.0
793.6
814.4
832.0
819.2
1078.4
593.6
819.2
800.0
800.0
793.6
779.2
729.6
1459.2
740.8
776.0
768.0
784.0
774.4
793.6
820.8
880.0
870.4
905.6
884.8
793.6
801.6
777.5
742.4
785.6
760.0
742.4
776.0
792.0
768.0
801.6
768.0
768.0
774.4
816.0
793.6
832.0
822.4
844.8
798.4
841.6
793.6
832.0
832.0
819.2
849.6
825.6
793.6
804.8
601.6
179.2
774.4
1446.4
691.2
694.4
732.8
768.0
768.0
774.4
793.6
1763.2
539.2
742.4
816.0
814.4
819.2
780.8
824.0
819.2
774.4
801.6
640.0
870.4
769.6
742.4
744.0
763.2
691.2
760.0
751.9
742.4
1519.9
753.6
716.8
705.6
681.6
640.0
638.4
259.2
332.8
622.4
654.4
665.6
716.8
792.0
768.0
1502.4
761.6
716.8
808.0
811.2
742.4
768.0
776.0
768.0
744.0
760.0
742.4
792.0
777.5
742.4
1584.0
808.0
793.6
753.6
723.2
665.6
681.6
657.6
614.4
452.8
745.6
588.8
566.4
603.2
665.6
734.4
755.2
819.2
822.4
846.4
870.4
824.0
835.2
768.0
2198.3999
670.4
691.2
739.2
809.6
896.0
408.0
512.0
896.0
905.6
875.2
819.2
769.6
745.6
716.8
753.6
734.4
742.4
784.0
792.0
768.0
772.8
3513.5
281.6
667.2
751.9
742.4
776.0
768.0
768.0
736.0
737.6
691.2
702.4
718.4
742.4
734.4
742.4
1024.0
515.2
339.2
1049.6
243.2
5448.0
819.2
820.8
1523.2
691.2
689.5
663.9
640.0
732.8
788.8
819.2
1752.0
867.2
793.6
776.0
777.5
742.4
763.2
699.2
768.0
790.4
796.8
844.8
854.4
881.6
844.8
824.0
835.2
768.0
233.6
336.0
588.8
230.4
915.2
588.8
3270.3999
608.0
3404.8
832.0
824.0
819.2
824.0
843.2
768.0
787.2
737.6
691.2
672.0
672.0
665.6
708.8
761.6
716.8
796.8
864.0
844.8
854.4
891.2
819.2
864.0
856.0
844.8
808.0
809.6
768.0
760.0
761.6
716.8
742.4
769.6
742.4
769.6
753.6
716.8
705.6
676.8
716.8
728.0
724.8
768.0
774.4
816.0
793.6
769.6
760.0
742.4
750.4
774.4
793.6
840.0
832.0
819.2
841.6
806.4
819.2
824.0
833.6
793.6
801.6
785.6
742.4
505.6
481.6
947.2
724.8
782.4
793.6
305.5
2708.8
691.2
1371.2
667.2
486.4
209.6
331.2
384.0
718.4
751.9
742.4
646.4
796.8
1996.8
652.8
438.4
844.8
684.8
726.3
742.4
619.2
315.2
640.0
1444.8
592.0
716.8
774.4
921.6
640.0
352.0
224.0
972.8
791.9
651.2
332.8
545.6
768.0
3968.0
680.0
673.6
640.0
649.6
624.0
614.4
648.0
652.8
691.2
792.0
792.0
768.0
785.6
750.4
768.0
744.0
758.4
1408.0
1467.2
776.0
768.0
864.0
860.8
1024.0
694.4
857.6
819.2
808.0
808.0
793.6
235.2
571.2
768.0
760.0
758.4
1536.0
2600.0
1950.4
691.2
742.4
782.4
793.6
822.4
864.0
844.8
848.0
856.0
1612.8
774.4
806.4
819.2
841.6
806.4
819.2
824.0
833.6
793.6
771.2
720.0
716.8
726.3
761.6
716.8
716.8
784.0
768.0
830.4
848.0
844.8
840.0
841.6
793.6
777.6
1512.0
742.4
1428.8
702.4
716.8
758.4
784.0
768.0
780.8
318.4
204.8
1007.9
760.0
742.4
760.0
761.6
716.8
728.0
718.3
1382.4
672.0
680.0
665.6
1364.8
663.9
640.0
686.4
700.7
742.4
776.0
790.4
793.6
817.6
792.0
768.0
776.0
771.2
1484.8
720.0
720.0
716.8
676.8
728.0
716.8
776.0
790.4
793.6
830.4
846.4
870.4
875.2
835.2
768.0
803.1
745.6
716.8
680.0
676.8
716.8
734.4
760.0
742.4
760.0
742.4
768.0
782.4
798.4
819.2
379.2
454.4
1612.8
768.0
777.5
742.4
792.0
384.0
384.0
1558.4
800.0
793.6
848.0
859.2
793.6
811.2
889.6
204.8
1484.8
907.2
588.8
1392.0
488.0
870.4
654.4
1312.0
665.6
712.0
712.0
1459.2
750.4
792.0
768.0
841.6
816.0
793.6
833.6
798.4
819.2
816.0
798.4
819.2
824.0
452.8
486.4
683.2
744.0
742.4
1457.5
654.4
793.6
936.0
542.4
435.2
905.6
891.2
1459.2
742.4
790.4
793.6
824.0
824.0
819.2
1577.6
784.0
768.0
212.8
393.6
230.4
1158.4
806.4
2867.2
473.6
320.0
4147.2002
809.6
774.4
793.6
768.0
392.0
384.0
606.4
496.0
486.4
564.8
249.6
204.8
411.2
1003.2
819.2
1588.8
1003.2
1331.2
284.8
468.8
768.0
784.0
780.8
819.2
846.4
891.2
819.2
843.2
784.0
768.0
750.4
779.2
204.8
545.6
776.0
768.0
742.4
784.0
768.0
800.0
798.4
819.2
824.0
833.6
793.6
768.0
776.0
768.0
768.0
779.2
1484.8
753.6
1508.8
2176.0
726.3
758.4
768.0
776.0
777.5
742.4
744.0
761.6
716.8
720.0
721.6
691.2
712.0
712.0
691.2
734.4
748.8
793.6
806.4
833.6
793.6
835.2
785.6
742.4
785.6
744.0
742.4
731.2
939.2
486.4
1404.8
668.8
1356.8
710.4
728.0
716.8
784.0
772.8
819.2
856.0
857.6
819.2
784.0
768.0
768.0
761.6
736.0
716.8
787.2
460.8
256.0
792.0
788.8
819.2
864.0
846.4
870.4
840.0
840.0
819.2
796.8
857.6
819.2
840.0
832.0
819.2
761.6
734.4
742.4
782.4
804.8
844.8
880.0
881.6
844.8
824.0
833.6
793.6
776.0
768.0
768.0
784.0
792.0
768.0
816.0
808.0
793.6
785.6
753.6
716.8
721.6
705.6
665.6
691.2
768.0
768.0
785.6
1526.4
768.0
830.4
862.4
870.4
872.0
881.6
844.8
824.0
824.0
819.2
832.0
832.0
819.2
801.6
782.4
793.6
798.4
840.0
819.2
790.4
814.4
819.2
833.6
814.4
819.2
865.6
822.4
844.8
824.0
1611.2
768.0
816.0
800.0
793.6
792.0
776.0
768.0
787.1
1502.4
742.4
1473.6
816.0
793.6
849.6
822.4
844.8
782.4
816.0
793.6
760.0
766.4
768.0
817.6
777.5
742.4
809.6
784.0
768.0
806.4
840.0
819.2
825.6
816.0
793.6
800.0
809.6
768.0
800.0
816.0
793.6
1577.6
782.4
793.6
790.4
798.4
819.2
841.6
806.4
819.2
808.0
800.0
1561.6
792.0
768.0
768.0
774.4
798.4
819.2
843.2
790.4
793.6
833.6
809.6
768.0
798.4
825.6
793.6
790.4
808.0
793.6
793.6
3076.8
819.2
894.4
920.0
896.0
920.0
905.6
870.4
878.4
896.0
896.0
881.6
856.0
844.8
856.0
856.0
844.8
822.4
848.0
844.8
857.6
838.4
844.8
880.0
889.6
844.8
840.0
822.4
844.8
825.6
814.4
819.2
865.6
833.6
793.6
822.4
865.6
819.2
800.0
809.6
768.0
796.8
846.4
870.4
884.8
798.4
819.2
840.0
843.2
768.0
832.0
822.4
844.8
838.4
864.0
844.8
849.6
840.0
819.2
833.6
817.6
768.0
860.8
900.8
947.2
896.0
896.0
896.0
905.6
888.0
870.4
888.0
873.6
844.8
833.6
811.2
742.4
742.4
782.4
793.6
2299.2
830.4
844.8
809.6
790.4
793.6
787.2
740.8
768.0
792.0
777.5
742.4
814.4
841.6
793.6
772.8
840.0
819.2
881.6
864.0
844.8
889.6
864.0
844.8
814.4
824.0
819.2
801.6
790.4
793.6
803.1
751.9
742.4
726.3
761.5
1484.8
798.4
827.2
768.0
841.6
798.4
819.2
800.0
817.6
768.0
764.8
798.4
819.2
841.6
795.2
870.4
912.0
902.4
921.6
904.0
913.6
870.4
883.2
830.4
844.8
865.6
838.4
844.8
870.4
899.2
844.8
884.8
1708.8
844.8
881.6
865.6
819.2
856.0
856.0
844.8
796.8
865.6
819.2
809.6
790.4
793.6
808.0
812.8
844.8
867.2
798.4
819.2
817.6
788.8
819.2
864.0
867.2
793.6
848.0
865.6
819.2
806.4
840.0
819.2
817.6
774.4
793.6
825.6
814.4
819.2
856.0
857.6
819.2
864.0
859.2
793.6
832.0
833.6
793.6
798.4
833.6
793.6
814.4
830.4
844.8
830.4
856.0
844.8
857.6
838.4
844.8
873.6
867.2
793.6
840.0
822.4
844.8
806.4
822.4
844.8
833.6
798.4
819.2
811.2
760.0
742.4
780.8
838.4
844.8
867.2
806.4
819.2
865.6
824.0
819.2
864.0
846.4
870.4
832.0
822.4
844.8
857.6
838.4
844.8
865.6
840.0
819.2
844.8
904.0
896.0
913.6
889.6
844.8
864.0
856.0
844.8
857.6
822.4
844.8
856.0
865.6
819.2
840.0
824.0
819.2
782.4
816.0
793.6
833.6
796.8
844.8
856.0
867.2
793.6
856.0
849.6
819.2
816.0
798.4
819.2
785.6
766.4
768.0
809.6
777.5
742.4
817.6
784.0
768.0
764.8
814.4
819.2
801.6
780.8
819.2
841.6
793.6
768.0
808.0
817.6
768.0
758.4
792.0
768.0
776.0
774.4
793.6
814.4
824.0
819.2
792.0
768.0
768.0
753.6
716.8
768.0
769.6
744.0
742.4
784.0
768.0
768.0
700.7
751.9
742.4
732.8
784.0
768.0
720.0
726.3
742.4
768.0
779.2
716.8
782.4
809.6
1536.0
840.0
838.4
844.8
825.6
808.0
793.6
843.2
780.8
819.2
854.4
873.6
844.8
846.4
888.0
870.4
864.0
864.0
844.8
865.6
840.0
819.2
856.0
849.6
819.2
830.4
864.0
844.8
840.0
830.4
844.8
848.0
859.2
793.6
798.4
824.0
819.2
825.6
806.4
819.2
848.0
849.6
819.2
824.0
824.0
819.2
782.4
817.6
768.0
768.0
782.4
793.6
822.4
867.2
793.6
792.0
772.8
819.2
824.0
1611.2
768.0
1510.4
768.0
768.0
758.4
1422.4
665.6
640.0
272.0
384.0
657.6
616.0
614.4
3720.0
654.4
665.6
2678.3999
652.8
691.2
822.4
846.4
870.4
875.2
1726.4
844.8
864.0
864.0
844.8
846.4
873.6
844.8
870.4
897.6
870.4
856.0
864.0
844.8
881.6
844.8
1664.0
816.0
796.8
844.8
841.6
816.0
793.6
841.6
804.8
204.8
553.6
654.4
793.6
721.6
694.4
716.8
764.8
804.8
844.8
857.6
840.0
819.2
768.0
792.0
768.0
582.4
996.7
1536.0
364.8
417.6
768.0
811.2
2296.0
742.4
806.4
825.6
793.6
1683.2
846.4
870.4
872.0
240.0
486.4
331.2
390.4
537.6
240.0
230.4
1024.0
596.7
1035.2
332.8
496.0
488.0
998.4
