520.0
2451.2
204.8
2988.8
212.8
768.0
259.2
992.0
460.8
1040.0
4497.6001
486.4
396.8
830.4
460.8
3416.0
2137.6001
435.2
321.6
1056.0
409.6
326.4
214.4
358.4
601.5
563.2
384.0
779.2
608.0
588.8
614.4
648.0
640.0
678.4
696.0
691.2
760.0
758.4
768.0
772.8
841.6
793.6
841.6
798.4
819.2
832.0
832.0
819.2
833.6
796.8
844.8
843.2
774.4
793.6
785.6
748.8
793.6
808.0
817.5
1536.0
776.0
768.0
768.0
702.4
720.0
716.8
750.4
776.0
768.0
751.9
750.4
768.0
785.6
745.6
716.8
736.0
734.4
742.4
744.0
760.0
742.4
776.0
776.0
768.0
718.4
745.6
716.8
720.0
739.2
665.6
723.2
670.4
691.2
712.0
702.4
716.8
715.1
662.4
665.6
678.4
710.4
716.8
1420.8
712.0
691.2
694.4
721.6
691.2
712.0
692.8
742.4
736.0
728.0
716.8
744.0
760.0
742.4
763.2
694.4
716.8
692.8
751.9
742.4
763.2
704.0
691.2
694.4
718.4
742.4
743.9
1387.2
691.2
724.8
785.6
742.4
726.3
751.9
742.4
753.6
716.8
768.0
772.8
825.6
793.6
753.6
728.0
716.8
742.4
784.0
768.0
744.0
753.6
716.8
736.0
737.6
691.2
734.4
758.4
768.0
1488.0
728.0
716.8
713.6
686.4
691.2
751.9
758.4
1408.0
736.0
734.4
742.4
702.4
720.0
716.8
705.6
688.0
665.6
673.6
663.9
640.0
646.4
680.0
665.6
663.9
648.0
640.0
663.9
648.0
640.0
1264.0
622.4
640.0
649.6
616.0
614.4
624.0
632.0
614.4
624.0
633.6
588.8
640.0
644.8
691.2
761.6
724.8
768.0
782.4
808.0
793.6
782.4
816.0
793.6
808.0
814.4
691.2
728.0
734.4
742.4
692.8
744.0
742.4
787.2
716.8
768.0
758.4
782.4
793.6
777.5
760.0
742.4
760.0
753.6
716.8
702.4
728.0
716.8
774.4
812.8
716.8
808.0
814.4
819.2
833.6
800.0
793.6
768.0
768.0
768.0
785.6
763.2
691.2
744.0
763.2
691.2
704.0
697.6
1561.6
867.2
814.4
819.2
832.0
832.0
819.2
771.2
728.0
716.8
728.0
728.0
716.8
742.4
776.0
768.0
724.8
768.0
768.0
702.4
737.6
691.2
704.0
713.6
665.6
736.0
732.8
768.0
784.0
777.5
742.4
750.4
776.0
768.0
763.2
692.8
742.4
718.4
761.6
716.8
694.4
740.8
1408.0
720.0
720.0
716.8
751.9
751.9
742.4
737.6
704.0
691.2
672.0
688.0
665.6
700.7
742.4
768.0
777.5
750.4
768.0
768.0
787.2
716.8
712.0
694.4
716.8
761.6
718.4
742.4
704.0
696.0
691.2
672.0
670.4
691.2
724.8
774.4
793.6
769.6
760.0
742.4
704.0
712.0
691.2
736.0
729.6
691.2
760.0
1398.4
384.0
265.6
620.8
1817.6
632.0
617.6
1228.8
598.4
632.0
614.4
633.6
1238.4
614.4
630.4
648.0
640.0
660.8
692.8
742.4
742.4
776.0
768.0
779.2
1356.8
640.0
638.3
654.4
3481.6001
720.0
2894.3999
742.4
2088.0
686.4
691.2
774.4
809.6
768.0
768.0
776.0
768.0
751.9
761.6
716.8
678.4
696.0
691.2
692.8
744.0
742.4
751.9
761.6
716.8
760.0
755.2
691.2
737.6
694.4
716.8
751.9
750.4
1408.0
704.0
713.6
665.6
1347.2
646.4
665.6
225.6
1081.6
665.6
646.4
680.0
665.6
712.0
704.0
691.2
737.6
704.0
691.2
1305.6
640.0
640.0
614.4
648.0
640.0
663.9
646.4
665.6
648.0
656.0
640.0
663.9
656.0
640.0
663.9
646.4
665.6
648.0
640.0
640.0
648.0
646.4
665.6
726.3
760.0
742.4
761.6
720.0
716.8
713.6
686.4
691.2
700.7
750.4
768.0
803.1
751.9
742.4
732.8
784.0
768.0
756.8
1439.9
281.6
408.0
1280.0
640.0
640.0
640.0
640.0
654.4
539.2
742.4
646.4
668.8
716.8
753.6
724.8
768.0
792.0
792.0
768.0
751.9
744.0
742.4
728.0
720.0
716.8
689.5
656.0
640.0
654.4
680.0
665.6
678.4
712.0
691.2
760.0
758.4
768.0
760.0
753.6
716.8
720.0
721.6
691.2
705.6
681.6
640.0
680.0
686.4
691.2
739.2
668.8
716.8
718.4
745.6
716.8
720.0
728.0
716.8
734.4
1395.2
691.2
712.0
704.0
691.2
646.4
670.4
691.2
705.6
680.0
665.6
656.0
648.0
640.0
643.2
1115.2
793.6
648.0
1281.6
614.4
1204.8
614.4
640.0
614.4
648.0
640.0
648.0
640.0
640.0
649.6
632.0
614.4
640.0
657.6
614.4
663.9
643.2
716.8
736.0
732.8
768.0
816.0
808.0
793.6
808.0
806.4
819.2
785.6
750.4
768.0
777.5
744.0
742.4
5168.0
287.9
281.6
566.4
222.3
358.4
646.4
550.4
179.2
623.9
751.9
742.4
680.0
672.0
665.6
680.0
675.2
358.4
297.6
648.0
640.0
676.8
731.2
793.6
857.6
822.4
844.8
865.6
832.0
819.2
795.2
763.2
691.2
688.0
680.0
665.6
680.0
676.8
716.8
756.8
798.4
819.2
840.0
843.2
768.0
787.2
736.0
716.8
720.0
728.0
716.8
694.4
726.3
742.4
742.4
768.0
768.0
744.0
745.6
716.8
736.0
737.6
691.2
745.6
728.0
716.8
702.4
728.0
716.8
720.0
737.6
691.2
704.0
712.0
691.2
737.6
704.0
691.2
705.6
670.4
691.2
694.4
720.0
716.8
737.6
712.0
691.2
705.6
689.5
640.0
663.9
646.4
665.6
654.4
688.0
665.6
713.6
672.0
665.6
688.0
678.4
691.2
713.6
688.0
665.6
670.4
696.0
691.2
688.0
688.0
665.6
686.4
712.0
691.2
712.0
712.0
691.2
696.0
704.0
691.2
694.4
737.6
691.2
737.6
704.0
691.2
689.5
648.0
640.0
616.0
616.0
614.4
624.0
616.0
614.4
672.0
672.0
665.6
681.6
663.9
640.0
659.2
1878.4
614.4
608.0
606.4
614.4
648.0
646.4
665.6
688.0
672.0
665.6
680.0
680.0
665.6
696.0
713.6
665.6
776.0
792.0
768.0
843.2
768.0
768.0
751.9
763.2
691.2
1371.2
668.8
716.8
1412.8
705.6
665.6
640.0
640.0
640.0
624.0
616.0
614.4
592.0
603.2
1177.6
601.5
575.9
563.2
568.0
568.0
563.2
585.6
542.4
563.2
542.4
575.9
563.2
560.0
558.4
563.2
575.9
574.4
588.8
592.0
592.0
588.8
584.0
582.4
588.8
633.6
600.0
588.8
601.5
588.7
1126.4
584.0
584.0
563.2
608.0
598.4
614.4
616.0
632.0
614.4
624.0
622.4
640.0
630.4
524.8
179.2
1208.0
712.0
691.2
694.4
718.4
742.4
736.0
731.2
665.6
673.6
640.0
640.0
663.9
652.8
691.2
716.8
776.0
768.0
784.0
772.8
819.2
825.6
800.0
793.6
771.2
737.6
691.2
673.6
648.0
384.0
248.0
624.0
614.4
624.0
616.0
614.4
624.0
632.0
614.4
624.0
633.6
588.8
600.0
609.6
563.2
564.8
1140.8
537.6
1220.8
758.4
768.0
811.2
748.8
793.6
838.4
856.0
844.8
865.6
822.4
844.8
865.6
830.4
844.8
369.6
470.3
742.4
726.3
758.4
768.0
838.4
854.4
870.4
886.4
904.0
896.0
777.5
760.0
742.4
761.6
718.4
742.4
790.4
798.4
819.2
801.6
785.6
742.4
729.6
712.0
691.2
694.4
737.6
691.2
688.0
689.5
640.0
648.0
663.9
640.0
646.4
672.0
665.6
689.5
648.0
640.0
648.0
656.0
640.0
662.4
688.0
665.6
712.0
696.0
691.2
670.4
712.0
691.2
713.6
684.8
1356.8
272.0
1680.0
640.0
668.8
718.4
742.4
774.4
816.0
793.6
817.6
776.0
768.0
751.9
744.0
742.4
736.0
728.0
716.8
751.9
753.6
716.8
694.4
736.0
716.8
1139.2
329.6
665.6
648.0
657.6
614.4
616.0
633.6
588.8
600.0
609.6
563.2
568.0
575.9
563.2
688.0
680.0
665.6
670.4
710.4
716.8
784.0
782.4
793.6
817.6
784.0
768.0
1561.6
654.4
665.6
712.0
704.0
691.2
704.0
713.6
665.6
680.0
1313.6
640.0
656.0
648.0
640.0
656.0
646.4
665.6
688.0
686.4
691.2
729.6
696.0
691.2
713.6
672.0
665.6
656.0
656.0
640.0
663.9
646.4
665.6
712.0
702.4
716.8
718.4
761.6
716.8
734.4
744.0
742.4
760.0
751.9
742.4
744.0
744.0
742.4
744.0
761.5
1484.8
384.0
257.6
486.4
182.4
462.4
1510.4
366.4
782.4
3097.6001
592.0
600.0
588.8
622.4
648.0
640.0
680.0
678.4
691.2
696.0
692.8
742.4
726.3
760.0
742.4
755.2
696.0
691.2
656.0
648.0
640.0
657.6
632.0
614.4
608.0
600.0
588.8
598.4
630.4
640.0
680.0
676.8
716.8
764.8
806.4
819.2
857.6
827.2
768.0
742.4
792.0
768.0
832.0
824.0
819.2
766.4
776.0
768.0
782.4
808.0
793.6
779.2
726.3
742.4
744.0
750.4
768.0
784.0
772.8
819.2
843.2
784.0
768.0
801.6
785.6
742.4
726.3
760.0
742.4
761.6
736.0
716.8
702.4
1372.8
256.0
390.4
680.0
665.6
646.4
1329.5
640.0
696.0
694.4
716.8
758.4
777.5
742.4
736.0
728.0
716.8
712.0
710.4
716.8
760.0
751.9
742.4
769.6
763.2
691.2
720.0
737.6
691.2
768.0
768.0
768.0
758.4
784.0
768.0
792.0
785.6
742.4
721.6
704.0
691.2
712.0
692.8
742.4
753.6
726.3
742.4
776.0
792.0
768.0
809.6
784.0
768.0
787.2
737.6
691.2
702.4
718.4
742.4
788.8
838.4
844.8
865.6
841.6
793.6
742.4
777.5
742.4
768.0
777.5
742.4
751.9
761.6
716.8
672.0
684.8
1356.8
726.3
753.6
716.8
782.4
816.0
793.6
800.0
809.6
768.0
785.6
744.0
742.4
792.0
774.4
793.6
785.6
750.4
768.0
784.0
769.6
742.4
718.4
760.0
742.4
777.5
750.4
768.0
792.0
792.0
768.0
751.9
751.9
742.4
760.0
760.0
742.4
774.4
798.4
819.2
1552.0
792.0
768.0
768.0
792.0
768.0
784.0
785.6
742.4
751.9
760.0
742.4
728.0
726.3
742.4
716.8
787.2
716.8
744.0
751.9
742.4
718.4
760.0
742.4
751.9
747.2
691.2
712.0
694.4
716.8
750.4
771.2
716.8
702.4
728.0
716.8
776.0
769.6
742.4
760.0
760.0
742.4
750.4
768.0
768.0
739.2
689.5
640.0
688.0
668.8
716.8
803.2
872.0
870.4
1604.8
742.4
768.0
787.2
721.6
691.2
720.0
736.0
716.8
787.1
1508.8
768.0
772.8
841.6
793.6
1576.0
817.6
768.0
751.9
742.4
768.0
817.6
777.5
742.4
718.4
744.0
742.4
744.0
763.2
691.2
760.0
766.4
768.0
1529.6
718.4
742.4
710.4
736.0
716.8
726.3
745.6
716.8
1419.2
726.3
742.4
737.6
710.4
716.8
744.0
760.0
742.4
721.6
702.4
716.8
720.0
737.6
691.2
720.0
737.6
691.2
713.6
686.4
691.2
694.4
721.6
691.2
694.4
736.0
716.8
665.6
662.4
665.6
694.4
726.3
742.4
751.9
742.4
768.0
784.0
774.4
793.6
771.2
1494.3
742.4
787.2
736.0
716.8
788.8
840.0
819.2
809.6
774.4
793.6
800.0
803.1
742.4
751.9
742.4
768.0
760.0
756.8
793.6
824.0
835.2
768.0
761.6
737.6
691.2
705.6
688.0
665.6
704.0
704.0
691.2
713.6
678.4
691.2
718.4
745.6
716.8
734.4
758.4
768.0
779.2
739.2
665.6
713.6
686.4
691.2
739.2
678.4
691.2
718.4
760.0
742.4
753.6
726.3
742.4
779.2
736.0
716.8
753.6
729.6
691.2
670.4
705.6
665.6
672.0
672.0
1945.6
663.9
646.4
665.6
688.0
686.4
691.2
705.6
680.0
665.6
646.4
681.6
640.0
640.0
640.0
640.0
676.8
728.0
716.8
772.8
835.2
896.0
862.4
758.4
768.0
792.0
776.0
768.0
712.0
704.0
691.2
656.0
656.0
640.0
1329.5
654.4
665.6
712.0
713.6
665.6
704.0
694.4
716.8
692.7
1395.2
691.2
696.0
713.6
665.6
680.0
678.4
691.2
705.6
681.6
640.0
616.0
628.8
1177.6
608.0
590.4
614.4
632.0
624.0
614.4
620.8
678.4
691.2
391.9
1043.2
1356.8
686.4
702.4
716.8
726.3
756.8
793.6
865.6
833.6
793.6
2745.6001
675.1
742.4
828.8
870.4
896.0
841.6
816.0
793.6
776.0
777.5
742.4
736.0
724.8
1408.0
696.0
705.6
665.6
718.4
766.4
768.0
768.0
772.8
1459.2
720.0
737.6
691.2
1427.2
734.4
742.4
753.6
737.6
691.2
712.0
712.0
691.2
705.6
688.0
665.6
680.0
681.6
640.0
663.9
1539.2
332.8
592.0
601.5
563.2
544.0
552.0
537.6
568.0
584.0
563.2
564.8
624.0
614.4
622.4
640.0
640.0
663.9
640.0
640.0
625.6
601.5
563.2
574.4
588.8
640.0
1521.6
728.0
716.8
750.4
784.0
768.0
784.0
779.2
716.8
696.0
697.6
665.6
662.4
670.4
691.2
712.0
702.4
716.8
728.0
728.0
716.8
694.4
720.0
716.8
729.6
704.0
691.2
697.6
689.5
640.0
663.9
662.4
665.6
694.4
737.6
691.2
672.0
681.6
640.0
672.0
681.6
640.0
654.4
688.0
665.6
718.4
751.9
742.4
763.2
696.0
691.2
704.0
702.4
716.8
760.0
745.6
716.8
720.0
718.4
742.4
750.4
768.0
768.0
768.0
774.4
793.6
776.0
784.0
768.0
769.6
763.2
691.2
704.0
704.0
691.2
736.0
737.6
691.2
672.0
689.5
640.0
663.9
663.9
640.0
656.0
640.0
640.0
657.6
624.0
614.4
616.0
616.0
614.4
614.4
657.6
614.4
1246.4
620.8
665.6
694.4
736.0
716.8
776.0
785.6
742.4
1396.8
681.6
640.0
663.9
663.9
640.0
670.4
696.0
691.2
697.6
689.5
640.0
688.0
678.4
691.2
744.0
750.4
768.0
784.0
776.0
768.0
745.6
737.6
691.2
704.0
694.4
716.8
1379.2
688.0
665.6
702.4
718.4
742.4
744.0
753.6
716.8
729.6
704.0
691.2
713.6
680.0
665.6
688.0
672.0
665.6
656.0
656.0
640.0
648.0
654.4
665.6
668.8
728.0
716.8
704.0
712.0
691.2
681.6
649.6
1254.4
601.5
568.0
563.2
575.9
584.0
563.2
598.4
624.0
614.4
646.4
678.4
691.2
734.4
751.9
742.4
758.4
784.0
768.0
704.0
702.4
716.8
742.4
776.0
768.0
816.0
798.4
819.2
817.6
792.0
768.0
785.6
761.6
716.8
784.0
785.6
742.4
820.8
875.2
819.2
782.4
1446.4
691.2
705.6
678.4
691.2
694.4
721.6
691.2
718.4
751.9
742.4
742.4
776.0
768.0
768.0
785.6
742.4
728.0
728.0
716.8
718.4
745.6
716.8
737.6
712.0
691.2
718.4
760.0
742.4
753.6
721.6
691.2
704.0
704.0
691.2
712.0
704.0
691.2
721.6
704.0
691.2
713.6
670.4
691.2
672.0
673.6
640.0
633.6
590.4
614.4
648.0
654.4
665.6
736.0
720.0
716.8
710.4
736.0
716.8
761.6
729.6
691.2
696.0
696.0
691.2
704.0
1336.0
691.2
723.2
816.0
793.6
785.6
744.0
742.4
742.4
771.2
716.8
710.4
726.3
742.4
787.2
726.3
742.4
784.0
784.0
768.0
1494.3
750.4
768.0
819.2
774.4
793.6
792.0
774.4
793.6
777.5
750.4
768.0
784.0
768.0
768.0
734.4
751.9
742.4
760.0
758.4
768.0
1345.6
673.6
768.0
864.0
862.4
870.4
915.2
852.8
768.0
2089.6001
640.0
640.0
633.6
598.4
614.4
747.2
819.2
768.0
712.0
708.8
742.4
830.4
862.4
870.4
891.2
835.2
768.0
782.4
800.0
793.6
824.0
825.6
793.6
822.4
851.2
793.6
841.6
809.6
768.0
753.6
720.0
716.8
696.0
705.6
665.6
656.0
648.0
640.0
624.0
624.0
614.4
656.0
662.4
665.6
705.6
672.0
665.6
648.0
640.0
640.0
657.6
616.0
614.4
1238.4
616.0
614.4
632.0
632.0
614.4
270.4
299.2
230.4
454.4
600.0
588.8
1163.2
5073.6001
563.2
542.4
568.0
563.2
542.4
585.6
537.6
552.0
544.0
537.6
552.0
560.0
537.6
542.4
566.4
588.8
600.0
612.7
640.0
644.8
712.0
691.2
716.8
264.0
896.0
865.6
2500.8
614.4
654.4
675.1
742.4
779.2
739.2
665.6
1280.0
648.0
640.0
689.6
1417.5
742.4
768.0
776.0
768.0
742.4
769.6
742.4
737.6
705.6
665.6
680.0
689.5
640.0
672.0
680.0
665.6
681.6
640.0
640.0
648.0
656.0
640.0
663.9
663.9
640.0
663.9
648.0
640.0
648.0
657.6
614.4
616.0
633.6
588.8
640.0
648.0
640.0
656.0
656.0
640.0
624.0
632.0
614.4
616.0
633.6
588.8
590.4
624.0
614.4
632.0
630.4
640.0
680.0
670.4
691.2
972.8
388.8
691.2
681.6
648.0
640.0
2518.3999
638.4
384.0
244.8
689.5
640.0
663.9
656.0
640.0
663.9
656.0
640.0
640.0
648.0
640.0
624.0
633.6
588.8
600.0
592.0
588.8
590.4
624.0
614.4
620.8
672.0
665.6
696.0
705.6
665.6
672.0
665.6
640.0
633.6
590.4
614.4
614.4
648.0
640.0
648.0
648.0
640.0
640.0
657.6
614.4
600.0
600.0
588.8
590.4
622.4
640.0
654.4
670.4
691.2
705.6
680.0
1305.6
656.0
640.0
640.0
644.8
702.4
716.8
710.4
718.4
742.4
720.0
720.0
716.8
1352.0
1337.6
665.6
361.6
356.8
384.0
238.4
649.6
614.4
571.2
1286.4
409.6
5124.7998
4793.6001
537.6
401.6
232.0
742.4
648.0
641.6
1510.4
392.0
520.0
384.0
193.6
803.2
614.4
633.6
608.0
588.8
592.0
1241.6
1203.2
608.0
590.4
614.4
624.0
624.0
614.4
624.0
624.0
614.4
632.0
624.0
614.4
624.0
624.0
614.4
632.0
624.0
614.4
616.0
616.0
614.4
590.4
633.6
588.8
590.4
616.0
614.4
624.0
632.0
614.4
624.0
616.0
614.4
616.0
616.0
614.4
625.6
608.0
588.8
603.2
1188.8
588.8
598.4
624.0
614.4
614.4
657.6
614.4
640.0
640.0
640.0
640.0
640.0
640.0
616.0
625.6
332.8
1047.9
651.2
1356.8
907.2
1102.4
486.4
480.0
224.0
332.8
385.6
366.4
256.0
294.4
313.5
281.6
329.6
284.8
588.8
398.4
158.4
307.2
249.6
736.0
716.8
656.0
646.4
665.6
671.9
291.2
358.4
688.0
670.4
691.2
696.0
696.0
691.2
696.0
712.0
691.2
712.0
712.0
691.2
713.6
670.4
691.2
715.1
641.6
358.4
227.2
305.6
256.0
532.8
308.8
230.4
1001.6
1374.4
230.4
449.6
560.0
2073.6001
313.6
1835.2
486.4
1041.6
745.6
588.8
590.4
617.6
1356.8
148.8
582.4
588.8
401.6
3430.3999
640.0
640.0
657.6
1254.4
648.0
648.0
640.0
243.2
454.4
204.8
251.2
188.8
998.4
708.8
632.0
230.4
612.8
1288.0
256.0
344.0
468.8
1280.0
766.4
526.4
409.6
1046.4
422.4
307.2
665.6
393.6
998.4
417.6
270.4
281.6
536.0
523.2
588.8
535.9
641.6
486.4
432.0
281.6
256.0
1563.2
883.2
691.2
379.2
312.0
307.2
1401.6
220.8
384.0
480.0
848.0
1484.8
673.6
273.5
358.4
256.0
1041.6
614.4
969.6
552.0
409.6
323.2
643.2
716.8
369.6
219.2
1305.6
700.8
364.7
281.6
419.2
249.6
332.8
540.8
480.0
460.8
180.8
230.4
768.0
571.2
529.6
614.4
678.4
323.2
640.0
360.0
235.2
435.2
532.8
563.2
256.0
355.2
542.4
307.2
369.6
592.0
972.8
497.6
1876.8
384.0
404.8
456.0
1203.2
228.8
1153.6
614.4
705.6
417.6
2048.0
2897.6001
448.0
1459.2
257.6
1144.0
230.4
481.6
195.2
384.0
851.2
689.5
640.0
646.4
680.0
665.6
708.8
1263.9
742.4
1334.4
611.2
281.6
384.0
1678.4
1177.6
287.9
294.3
563.2
400.0
902.4
2201.6001
1124.8
526.4
1433.6
609.6
441.5
281.6
504.0
627.2
1075.2
344.0
980.8
512.0
257.6
616.0
870.4
1438.4
1340.8
230.4
446.4
600.0
588.8
852.8
5249.6001
4582.3999
779.2
1496.0
332.8
374.4
662.4
281.6
350.4
624.0
614.4
630.4
643.2
716.8
808.0
808.0
793.6
808.0
800.0
793.6
779.2
739.2
665.6
689.5
663.9
640.0
654.4
686.4
691.2
700.8
255.9
1126.4
545.6
652.8
819.2
316.8
249.6
332.8
243.2
323.2
512.0
763.2
831.9
563.2
318.4
609.5
4403.2002
630.4
523.2
716.8
545.6
265.6
4198.3999
774.4
806.4
819.2
780.8
697.6
665.6
656.0
1161.5
742.4
547.1
756.8
665.6
897.6
243.2
1459.2
396.8
1332.8
230.4
273.6
1535.9
1126.4
302.4
585.6
281.6
705.6
1180.8
1740.8
260.8
315.1
1024.0
268.8
835.2
256.0
216.0
217.6
435.2
680.0
1065.6
640.0
427.2
633.6
332.8
1793.6
1008.0
1126.4
1462.4
729.6
435.2
324.8
3312.0
614.4
614.4
656.0
640.0
640.0
640.0
640.0
652.8
326.4
204.8
763.2
452.8
870.4
800.0
800.0
793.6
777.6
2155.2
691.2
713.6
670.4
691.2
712.0
712.0
691.2
728.0
721.6
691.2
680.0
672.0
665.6
680.0
672.0
665.6
646.4
689.5
640.0
689.5
663.9
640.0
646.4
672.0
665.6
680.0
681.6
640.0
656.0
664.0
512.0
568.0
185.6
409.6
260.8
587.1
1536.0
955.2
2579.2
332.8
851.2
814.4
179.2
286.3
1203.2
640.0
1689.6
1432.0
256.0
1076.8
500.8
665.6
312.0
832.0
1075.2
484.8
534.4
3225.6001
4206.3999
523.2
1356.8
529.6
760.0
230.4
1648.0
892.8
665.6
315.2
772.8
563.2
665.6
400.0
1408.0
491.2
1075.2
256.0
380.8
3233.6001
1408.0
681.6
920.0
512.0
316.8
2288.0
1510.4
224.0
720.0
588.8
862.4
238.4
384.0
4798.3999
600.0
588.8
507.2
443.2
1536.0
3964.8
1060.8
588.8
702.4
600.0
588.8
838.4
1241.6
3635.2
507.2
2622.3999
588.8
600.0
600.0
588.8
688.0
672.0
665.6
710.4
1369.6
691.2
767.9
1139.2
435.2
1392.0
638.3
640.0
243.2
331.2
384.0
363.2
318.4
332.8
209.6
1092.8
998.4
390.3
284.8
204.8
659.2
460.8
256.0
320.0
968.0
307.2
198.4
990.4
1638.4
596.8
5003.2002
204.8
864.0
718.4
742.4
761.6
728.0
716.8
3030.3
761.6
716.8
760.0
760.0
742.4
760.0
760.0
742.4
1460.8
753.6
716.8
718.4
760.0
742.4
718.4
761.6
716.8
721.6
702.4
716.8
728.0
729.6
691.2
692.8
2041.6
1868.8
648.0
640.0
640.0
656.0
648.0
640.0
663.9
646.4
665.6
670.4
710.4
716.8
736.0
737.6
691.2
713.6
680.0
665.6
680.0
680.0
665.6
702.4
737.6
691.2
704.0
712.0
1331.2
632.0
1273.6
460.8
785.6
614.4
640.0
646.4
688.0
665.6
668.8
728.0
716.8
720.0
718.4
742.4
742.4
785.6
742.4
760.0
744.0
742.4
728.0
736.0
716.8
737.6
700.8
358.4
1150.4
528.0
512.0
1228.8
272.0
1152.0
1139.2
692.8
742.4
275.2
212.8
512.0
232.0
878.4
256.0
180.8
630.4
512.0
1659.2
710.4
2124.8
712.0
702.4
716.8
718.4
760.0
742.4
768.0
785.6
742.4
766.4
774.4
793.6
776.0
784.0
768.0
2188.8
1852.8
486.4
788.8
454.4
460.8
616.0
379.2
819.2
792.0
1028.8
691.2
251.2
2888.0
1843.2
214.4
3828.8
2073.6001
456.0
1588.8
230.4
608.0
736.0
204.8
508.8
675.2
358.4
628.8
287.9
281.6
516.8
715.2
256.0
843.2
1032.0
384.0
1124.8
267.2
972.8
671.9
289.6
768.0
251.2
1334.4
1356.8
636.8
670.3
1203.2
483.2
288.0
921.6
1891.2
936.0
409.6
758.4
396.8
1075.2
894.4
1424.0
640.0
451.1
2059.2
460.8
552.0
291.2
230.4
244.8
427.2
614.4
313.5
292.8
844.8
486.4
521.5
742.4
2867.2
528.0
384.0
480.0
204.8
256.0
315.2
516.8
947.2
272.0
275.2
204.8
196.8
240.0
358.4
300.8
337.6
307.2
684.8
214.4
486.4
744.0
617.6
204.8
705.6
286.3
1203.2
825.6
688.0
537.6
460.8
526.4
921.6
408.0
899.2
844.8
492.8
428.8
204.8
457.6
281.6
384.0
379.2
316.8
230.4
292.8
1118.4
486.4
313.6
542.4
179.2
944.0
283.2
358.4
329.6
291.2
230.4
673.6
275.2
204.8
1177.6
270.4
921.6
302.4
310.4
332.8
987.2
940.8
588.8
235.2
1604.8
230.4
710.4
222.4
230.4
513.6
376.0
230.4
400.0
398.4
1305.6
353.6
2358.3999
460.8
529.6
254.4
384.0
323.2
529.6
614.4
196.8
236.8
665.6
1387.2
449.6
665.6
1713.6
384.0
896.0
956.8
361.6
460.8
1076.8
358.4
256.0
497.6
992.0
332.8
710.4
217.6
691.2
235.2
563.2
384.0
1086.4
736.0
2124.8
515.2
353.6
1971.2
1008.0
620.8
537.6
540.8
227.2
537.6
835.2
2820.8
1075.2
520.0
900.7
2355.2
294.4
1721.5
281.6
1648.0
2673.6001
1740.8
3289.6001
5438.3999
204.8
273.5
369.6
588.8
680.0
168.0
1561.6
460.7
1128.0
358.4
256.0
404.8
1075.2
512.0
908.8
691.2
521.5
763.2
1075.2
950.4
737.6
1203.2
1931.2
3929.6001
1075.2
316.8
374.4
640.0
636.8
289.6
512.0
233.6
345.6
435.2
352.0
588.8
256.0
1350.4
350.3
358.4
846.4
238.3
1024.0
1504.0
1624.0
460.8
692.8
382.4
256.0
662.4
158.3
1203.2
968.0
448.0
435.2
273.5
361.6
844.8
555.2
873.6
1612.8
648.0
385.6
358.4
366.4
921.5
2278.3999
449.6
560.0
281.6
536.0
278.4
281.6
548.8
339.2
1305.6
891.2
446.4
1100.8
408.0
408.0
2304.0
552.0
291.2
486.4
369.5
2004.8
256.0
367.9
758.4
1024.0
367.9
756.8
921.6
846.4
2795.2
1075.2
300.8
729.6
1075.2
740.8
1048.0
1152.0
1568.0
2080.0
409.6
379.2
316.8
358.4
264.0
260.8
435.2
204.8
406.4
537.6
564.8
382.4
256.0
464.0
608.0
332.8
531.2
598.4
1766.4
227.2
291.2
1126.4
601.6
201.6
409.6
1166.4
422.4
179.2
1931.2
982.4
870.4
395.2
1104.0
716.8
214.4
496.0
614.4
654.4
686.4
179.2
1392.0
507.2
179.2
387.2
2124.8
3456.0
228.8
260.8
563.2
5363.2002
696.0
2099.2
704.0
704.0
691.2
694.4
1377.6
307.2
259.2
609.6
563.2
532.8
324.8
230.4
268.8
694.4
588.8
606.4
507.2
691.2
622.4
648.0
640.0
646.4
687.9
1305.6
672.0
672.0
921.6
273.6
751.9
742.4
1224.0
310.4
844.8
459.2
388.8
819.2
360.0
619.2
307.2
641.5
1393.6
844.8
345.6
2228.8
1638.4
836.8
1390.4
256.0
817.6
776.0
768.0
718.4
1267.2
1459.2
688.0
688.0
665.6
686.4
702.4
716.8
739.2
672.0
1305.6
656.0
1288.0
640.0
1350.4
724.8
768.0
798.3
1216.0
1075.2
750.4
259.2
460.8
705.6
416.0
921.6
1371.2
1452.8
460.8
246.4
387.2
588.8
225.6
193.6
281.6
390.4
409.6
256.0
1990.4
1876.8
768.0
395.2
470.3
742.4
3726.3999
1840.0
281.6
491.2
702.4
716.8
728.0
721.6
691.2
1371.2
680.0
665.6
281.6
398.4
537.6
435.2
392.0
384.0
276.8
713.6
537.6
204.8
787.2
716.8
697.6
673.6
640.0
697.6
556.8
588.8
596.8
267.2
588.8
1097.6
668.8
716.8
1198.4
1865.6
409.6
4920.0
307.2
384.0
291.2
230.4
384.0
486.4
515.2
204.8
734.4
744.0
1254.4
950.4
739.2
665.6
220.8
524.7
563.2
600.0
732.8
640.0
702.4
1494.3
742.4
768.0
785.6
742.4
728.0
720.0
716.8
740.8
387.2
1612.8
652.8
1224.0
819.2
496.0
881.6
972.8
392.0
260.7
1203.2
660.8
321.6
537.6
315.2
657.5
358.4
532.8
313.6
665.6
320.0
193.6
665.6
203.2
275.2
460.8
577.6
283.2
998.4
382.4
387.2
460.8
187.2
768.0
256.0
1220.8
238.4
512.0
1080.0
328.0
691.2
187.2
518.4
665.6
780.7
566.4
588.8
4665.6001
686.4
307.2
403.2
340.8
512.0
217.5
572.8
870.4
689.5
640.0
640.0
385.6
624.0
230.4
409.6
268.8
691.2
398.4
414.4
179.2
611.2
422.4
819.2
664.0
265.6
358.4
640.0
654.4
665.6
678.4
710.4
1356.8
680.0
672.0
665.6
713.6
686.4
691.2
718.3
1388.8
665.6
681.6
657.6
614.4
616.0
633.6
588.8
630.4
664.0
768.0
535.9
644.8
691.2
744.0
635.2
691.2
731.2
689.5
640.0
640.0
1297.6
614.4
622.4
663.9
640.0
663.9
663.9
640.0
694.4
723.2
537.6
848.0
728.0
460.8
273.6
4598.3999
256.0
1369.6
713.6
665.6
640.0
646.4
793.6
614.4
388.8
819.2
883.1
582.4
588.8
1385.6
718.4
742.4
750.4
785.6
742.4
745.6
739.2
665.6
641.6
616.0
614.4
625.6
609.6
563.2
587.2
1163.2
588.8
624.0
638.3
640.0
672.0
681.6
640.0
886.4
526.4
921.6
342.4
360.0
358.4
756.8
544.0
537.6
552.0
542.4
563.2
638.4
531.2
588.8
632.0
624.0
614.4
619.1
1214.4
588.8
600.0
608.0
588.8
592.0
592.0
588.8
604.8
662.4
665.6
268.8
436.8
742.4
782.4
816.0
793.6
768.0
769.6
742.4
761.6
716.8
1280.0
585.6
422.4
3763.2
718.4
488.0
230.4
729.6
697.6
665.6
657.6
1270.4
640.0
704.0
705.6
665.6
648.0
649.6
614.4
680.0
686.4
691.2
760.0
760.0
742.4
787.2
720.0
716.8
700.7
758.4
768.0
777.5
744.0
742.4
672.0
680.0
665.6
688.0
680.0
665.6
670.4
704.0
691.2
235.2
441.6
665.6
648.0
1280.0
640.0
624.0
614.4
640.0
616.0
616.0
1254.4
688.0
688.0
665.6
575.9
575.9
563.2
632.0
614.4
640.0
640.0
648.0
640.0
624.0
624.0
614.4
616.0
632.0
614.4
646.4
672.0
665.6
680.0
688.0
665.6
646.4
689.5
640.0
1280.0
641.6
614.4
632.0
614.4
640.0
649.6
633.6
588.8
590.4
616.0
614.4
632.0
633.6
588.8
600.0
608.0
1228.8
663.9
646.4
665.6
688.0
672.0
665.6
672.0
1572.8
204.8
432.0
433.6
896.0
375.9
364.7
281.6
614.4
259.2
972.8
624.0
632.0
1254.4
662.4
1953.6
640.0
624.0
622.4
640.0
659.2
465.6
819.2
617.6
600.0
588.8
584.0
584.0
563.2
584.0
574.4
588.8
630.4
648.0
640.0
654.4
672.0
665.6
678.4
1347.2
384.0
846.4
625.6
588.8
609.6
574.4
588.8
608.0
606.4
614.4
1851.2
656.0
640.0
689.5
656.0
640.0
689.5
648.0
640.0
656.0
648.0
640.0
622.4
640.0
640.0
648.0
646.4
665.6
654.4
688.0
665.6
688.0
680.0
665.6
696.0
712.0
691.2
686.4
712.0
691.2
705.6
678.4
691.2
614.4
640.0
640.0
656.0
640.0
640.0
649.6
624.0
614.4
1248.0
608.0
588.8
616.0
624.0
614.4
622.4
648.0
640.0
672.0
680.0
665.6
656.0
663.9
640.0
646.4
673.6
640.0
648.0
648.0
640.0
657.6
624.0
614.4
616.0
625.6
588.8
566.4
592.0
588.8
608.0
588.8
640.0
644.8
692.8
742.4
734.4
761.6
716.8
721.6
707.2
640.0
657.6
632.0
614.4
616.0
624.0
614.4
662.4
668.8
716.8
737.6
696.0
691.2
672.0
673.6
640.0
648.0
656.0
640.0
654.4
688.0
665.6
678.4
713.6
665.6
715.1
648.0
640.0
640.0
648.0
640.0
614.4
657.6
614.4
632.0
616.0
614.4
624.0
614.4
640.0
712.0
704.0
691.2
696.0
702.4
1356.8
680.0
673.6
640.0
689.5
640.0
640.0
656.0
648.0
640.0
676.8
337.6
307.2
630.4
640.0
640.0
614.4
657.6
614.4
632.0
616.0
614.4
600.0
592.0
588.8
608.0
590.4
614.4
633.6
588.8
640.0
475.2
809.6
640.0
648.0
663.9
640.0
657.6
632.0
614.4
633.6
606.4
614.4
616.0
633.6
588.8
598.4
614.4
640.0
654.4
672.0
665.6
689.5
648.0
640.0
632.0
616.0
614.4
302.4
308.8
614.4
614.4
648.0
640.0
663.9
656.0
640.0
648.0
656.0
640.0
646.4
680.0
665.6
640.0
648.0
640.0
638.3
648.0
640.0
680.0
680.0
665.6
704.0
704.0
691.2
680.0
427.2
230.4
2560.0
649.6
1254.4
632.0
624.0
614.4
656.0
640.0
640.0
663.9
646.4
665.6
686.4
713.6
665.6
670.4
705.6
665.6
648.0
648.0
640.0
656.0
657.6
614.4
614.4
656.0
640.0
656.0
646.4
665.6
713.6
680.0
665.6
672.0
676.8
1356.8
673.6
656.0
640.0
663.9
663.9
640.0
648.0
648.0
1280.0
670.4
705.6
665.6
663.9
646.4
665.6
705.6
678.4
691.2
728.0
729.6
691.2
704.0
694.4
716.8
737.6
697.6
665.6
680.0
670.4
691.2
670.4
705.6
665.6
704.0
712.0
691.2
705.6
678.4
691.2
670.4
704.0
691.2
697.6
680.0
665.6
710.4
718.4
742.4
768.0
768.0
768.0
751.9
755.2
691.2
656.0
656.0
640.0
648.0
648.0
640.0
676.8
734.4
742.4
753.6
720.0
716.8
729.6
697.6
665.6
646.4
670.4
691.2
688.0
672.0
665.6
689.5
648.0
640.0
640.0
654.4
665.6
689.5
662.4
665.6
736.0
718.4
742.4
784.0
774.4
793.6
785.6
753.6
716.8
827.2
656.0
640.0
664.0
278.4
281.6
804.8
1377.6
179.2
427.2
624.0
614.4
633.6
595.2
665.6
308.8
233.6
588.8
596.8
644.8
691.2
817.6
769.6
742.4
704.0
696.0
691.2
696.0
705.6
665.6
640.0
640.0
640.0
663.9
654.4
665.6
692.8
742.4
768.0
800.0
817.6
768.0
768.0
768.0
768.0
751.9
753.6
716.8
686.4
712.0
691.2
512.0
899.2
716.8
712.0
713.6
665.6
705.6
670.4
691.2
648.0
657.6
614.4
632.0
616.0
614.4
649.6
632.0
614.4
657.6
622.4
640.0
640.0
640.0
640.0
1222.4
590.4
614.4
628.8
556.8
588.8
691.2
640.0
640.0
640.0
657.6
614.4
632.0
616.0
614.4
632.0
632.0
614.4
374.4
264.0
640.0
663.9
646.4
1305.6
1256.0
616.0
614.4
608.0
600.0
588.8
600.0
600.0
588.8
614.4
640.0
640.0
656.0
640.0
640.0
624.0
616.0
614.4
616.0
624.0
614.4
640.0
656.0
640.0
656.0
648.0
640.0
678.4
704.0
691.2
694.4
739.2
665.6
688.0
688.0
665.6
1313.6
640.0
640.0
622.4
662.4
665.6
704.0
694.4
716.8
729.6
702.4
716.8
705.6
689.5
640.0
681.6
656.0
640.0
662.4
678.4
691.2
708.8
744.0
742.4
1412.8
705.6
665.6
656.0
662.4
665.6
712.0
694.4
716.8
736.0
737.6
691.2
728.0
721.6
691.2
694.4
737.6
691.2
720.0
736.0
716.8
728.0
720.0
716.8
712.0
705.6
665.6
680.0
686.4
691.2
704.0
713.6
665.6
704.0
694.4
716.8
702.4
729.6
691.2
713.6
680.0
665.6
688.0
673.6
640.0
1272.0
630.4
640.0
657.6
624.0
614.4
657.6
632.0
614.4
654.4
673.6
256.0
1107.2
670.4
435.2
241.5
2006.4
5478.3999
262.4
416.0
665.6
678.4
713.6
665.6
681.6
649.6
614.4
1206.4
609.6
563.2
598.4
622.4
640.0
644.8
704.0
691.2
1404.8
680.0
665.6
688.0
689.5
640.0
656.0
654.4
665.6
654.4
670.4
691.2
704.0
704.0
691.2
736.0
737.6
691.2
435.2
896.0
640.0
1844.8
633.6
588.8
608.0
609.6
435.2
744.0
619.1
1203.2
624.0
633.6
1612.8
888.0
614.4
640.0
640.0
640.0
640.0
635.2
713.6
537.6
656.0
1303.9
640.0
702.4
736.0
716.8
705.6
672.0
665.6
712.0
704.0
691.2
705.6
688.0
665.6
688.0
686.4
691.2
696.0
704.0
691.2
704.0
713.6
665.6
681.6
656.0
640.0
646.4
688.0
665.6
670.4
713.6
665.6
697.6
670.4
691.2
672.0
678.4
691.2
1622.4
507.2
691.2
1414.4
689.5
640.0
640.0
657.6
614.4
688.0
680.0
665.6
640.0
641.6
614.4
616.0
624.0
614.4
640.0
656.0
640.0
656.0
663.9
640.0
640.0
649.6
614.4
625.6
600.0
588.8
590.4
625.6
588.8
616.0
624.0
614.4
614.4
648.0
640.0
656.0
651.2
460.8
185.6
681.6
640.0
632.0
625.6
1228.8
625.6
609.6
563.2
592.0
600.0
588.8
608.0
606.4
614.4
630.4
663.9
640.0
641.6
616.0
614.4
395.2
216.0
588.8
608.0
590.4
614.4
598.4
633.6
588.8
614.4
648.0
640.0
648.0
648.0
640.0
649.6
632.0
614.4
614.4
657.6
614.4
1878.4
633.6
588.8
616.0
632.0
614.4
632.0
624.0
614.4
616.0
633.6
588.8
657.6
620.8
665.6
688.0
678.4
691.2
696.0
713.5
1305.6
633.6
600.0
588.8
600.0
608.0
588.8
632.0
630.4
640.0
686.4
710.4
716.8
737.6
705.6
665.6
663.9
656.0
640.0
720.0
204.8
512.0
721.6
1347.2
640.0
663.9
644.8
691.2
728.0
1379.2
793.6
523.2
340.8
896.0
1211.2
275.2
204.8
720.0
600.0
588.8
609.6
566.4
588.8
622.4
663.9
640.0
680.0
670.4
691.2
1321.6
390.4
3225.6001
595.2
1180.8
332.8
270.4
291.2
358.4
734.4
247.9
358.4
784.0
3715.2
588.8
584.0
574.4
588.8
630.4
652.8
691.2
718.4
753.6
716.8
731.2
681.6
640.0
649.6
624.0
614.4
648.0
649.6
230.4
433.5
659.2
716.8
736.0
729.5
563.2
1449.6
1289.6
614.4
608.0
590.4
614.4
436.8
758.4
256.0
462.4
2286.3999
640.0
689.5
660.8
563.2
774.4
689.5
640.0
646.4
689.5
640.0
646.4
689.5
640.0
689.6
776.0
512.0
1262.4
648.0
1280.0
648.0
641.6
614.4
1296.0
640.0
640.0
2560.0
649.6
614.4
632.0
622.4
640.0
663.9
640.0
640.0
654.4
670.4
691.2
648.0
640.0
640.0
622.4
657.6
614.4
475.2
793.6
640.0
646.4
681.6
640.0
676.8
334.4
358.4
331.2
404.8
691.2
1350.4
868.8
384.0
633.6
600.0
588.8
608.0
608.0
588.8
608.0
598.4
614.4
663.9
648.0
640.0
670.4
713.6
665.6
665.6
657.6
614.4
648.0
657.6
614.4
646.4
689.5
640.0
648.0
663.9
640.0
440.0
827.2
640.0
628.8
430.4
179.2
657.6
624.0
614.4
625.6
1230.4
614.4
1835.2
622.4
640.0
689.6
1411.2
716.8
753.6
739.2
665.6
697.6
681.6
640.0
648.0
657.6
614.4
640.0
654.4
665.6
2878.3999
1238.4
614.4
630.4
640.0
640.0
660.8
1977.6
665.6
715.1
648.0
640.0
648.0
648.0
640.0
219.2
427.2
614.4
624.0
617.6
716.8
1228.8
657.6
614.4
656.0
646.4
665.6
689.5
654.4
665.6
689.5
648.0
640.0
656.0
663.9
640.0
670.4
1347.2
640.0
681.6
640.0
640.0
648.0
662.4
665.6
670.4
713.6
665.6
713.6
689.5
640.0
624.0
616.0
614.4
648.0
663.9
640.0
686.4
692.8
742.4
761.6
739.2
665.6
656.0
656.0
640.0
640.0
657.6
614.4
616.0
624.0
614.4
590.4
616.0
614.4
608.0
608.0
588.8
598.4
624.0
614.4
616.0
625.6
588.8
592.0
592.0
588.8
592.0
608.0
588.8
1238.4
632.0
614.4
608.0
596.8
384.0
209.5
2368.0
2355.2
1198.4
584.0
563.2
609.6
584.0
563.2
544.0
542.4
563.2
494.4
660.8
563.2
1761.6
574.4
588.8
616.0
1264.0
614.4
625.6
608.0
588.8
614.4
648.0
640.0
1283.2
1240.0
588.8
568.0
575.9
563.2
614.4
654.4
665.6
688.0
1953.6
256.0
388.8
704.0
691.2
694.4
720.0
716.8
713.6
672.0
665.6
1993.6
680.0
665.6
663.9
662.4
665.6
663.9
656.0
640.0
657.6
616.0
614.4
614.4
640.0
640.0
656.0
646.4
665.6
672.0
670.4
691.2
670.4
712.0
691.2
712.0
705.6
665.6
656.0
654.4
281.6
664.0
1297.6
614.4
640.0
641.6
230.4
384.0
664.0
1280.0
688.0
678.4
691.2
713.6
688.0
665.6
672.0
681.6
640.0
656.0
646.4
665.6
646.4
672.0
665.6
689.5
654.4
665.6
672.0
673.6
640.0
616.0
632.0
614.4
632.0
614.4
640.0
640.0
657.6
614.4
640.0
648.0
640.0
1307.2
244.8
409.6
648.0
640.0
640.0
657.6
624.0
614.4
616.0
624.0
614.4
616.0
633.6
588.8
590.4
633.6
588.8
600.0
600.0
588.8
2867.2
663.9
640.0
656.0
648.0
640.0
633.6
608.0
1740.8
568.0
580.7
358.4
200.0
582.4
588.8
598.4
620.8
665.6
710.4
718.4
742.4
704.0
713.6
665.6
657.6
625.6
588.8
1188.8
609.6
1203.2
600.0
601.5
563.2
579.2
1155.2
588.8
633.6
590.4
614.4
259.2
352.0
588.8
636.8
1188.8
588.8
608.0
612.8
256.0
340.8
536.0
768.0
660.8
446.4
844.8
1300.8
1222.4
588.8
590.4
620.8
3097.6001
633.6
590.4
614.4
632.0
638.4
1792.0
859.2
286.4
563.2
542.4
587.2
384.0
182.4
611.2
1689.6
560.0
547.2
1766.4
640.0
648.0
640.0
640.0
648.0
640.0
663.9
662.4
665.6
694.4
718.4
742.4
744.0
758.4
640.0
755.2
712.0
947.2
419.2
3195.2
563.2
609.6
572.8
614.4
694.4
734.4
742.4
768.0
774.4
793.6
809.6
776.0
768.0
769.6
747.2
691.2
665.6
641.6
614.4
625.6
1236.8
640.0
705.6
688.0
665.6
678.4
704.0
691.2
696.0
713.5
1305.6
647.9
1024.0
256.0
1995.2
264.0
384.0
624.0
624.0
230.4
968.0
584.0
563.2
609.6
566.4
588.8
611.2
287.9
281.6
619.2
713.5
1305.6
656.0
663.9
640.0
656.0
648.0
640.0
1278.4
1286.4
665.6
684.8
732.8
768.0
768.0
768.0
768.0
785.6
744.0
742.4
729.6
704.0
691.2
208.0
468.8
384.0
1702.4
1347.2
640.0
648.0
643.2
332.8
291.2
622.4
640.0
654.4
683.2
614.4
633.6
588.8
384.0
227.2
684.8
460.8
577.6
560.0
537.6
1126.4
520.0
640.0
270.4
942.4
1203.2
657.6
1384.0
742.4
776.0
792.0
768.0
1926.3
292.8
332.8
356.8
264.0
384.0
656.0
663.9
640.0
649.6
507.2
179.2
206.4
504.0
230.4
270.4
420.8
460.8
712.0
203.2
1792.0
334.4
235.2
563.2
817.6
2192.0
1152.0
566.4
214.4
358.4
568.0
568.0
563.2
584.0
566.4
588.8
600.0
590.4
614.4
625.6
1356.8
512.0
404.8
312.0
435.2
419.2
254.4
384.0
198.4
224.0
204.8
656.0
908.7
563.2
451.2
260.8
563.2
328.0
185.6
409.6
563.1
1129.6
844.8
3016.0
456.0
179.2
737.6
329.6
537.6
561.6
790.4
4889.6001
1134.4
531.2
588.8
441.6
686.4
563.2
273.6
876.8
1305.6
536.0
1048.0
384.0
606.4
489.6
1868.8
542.4
576.0
1843.2
651.2
1230.4
614.4
548.8
224.0
588.8
632.0
632.0
614.4
624.0
632.0
614.4
603.2
673.6
512.0
1798.3
294.4
307.2
316.8
251.2
435.2
353.6
316.8
998.4
393.6
235.2
691.2
732.8
265.6
230.4
235.2
832.0
179.2
476.8
515.2
716.8
392.0
259.2
588.8
185.6
427.1
358.4
179.2
388.8
563.2
352.0
600.0
332.8
268.8
435.2
256.0
504.0
241.6
204.8
619.2
312.0
563.2
1131.2
692.8
230.4
699.2
257.6
230.4
667.2
508.8
665.6
600.0
593.6
435.2
395.2
592.0
460.8
387.2
222.4
870.4
1475.2
279.9
640.0
523.2
353.6
435.2
273.6
230.4
896.0
536.0
1164.8
307.2
790.4
1825.6
256.0
283.2
489.6
2508.8
844.8
400.0
384.0
478.3
358.4
3840.0
208.0
337.6
307.2
518.4
1713.6
2432.0
278.4
420.8
5580.7998
305.6
262.3
281.6
319.9
584.0
307.2
262.3
283.2
358.4
257.6
366.4
896.0
318.4
604.8
896.0
916.8
312.0
563.2
2451.2
222.4
230.4
379.2
1598.4
588.8
873.6
596.8
1280.0
806.3
566.4
332.8
760.0
238.4
256.0
953.6
3622.3
563.2
590.4
632.0
614.4
632.0
622.4
640.0
657.6
632.0
614.4
646.4
665.6
640.0
640.0
640.0
640.0
416.0
539.2
230.4
616.0
616.0
614.4
633.6
590.4
614.4
630.4
648.0
512.0
1417.6
625.6
588.8
1204.8
635.2
1203.2
616.0
624.0
614.4
614.4
651.2
332.8
304.0
411.2
230.4
283.2
249.6
716.8
326.4
721.6
435.2
462.4
1654.4
640.0
640.0
656.0
640.0
656.0
648.0
640.0
662.4
804.8
204.8
660.8
320.0
179.2
462.4
249.6
844.8
312.0
564.8
230.4
264.0
404.8
179.2
656.0
656.0
640.0
663.9
662.4
665.6
737.6
702.4
716.8
737.6
712.0
691.2
702.4
729.6
691.2
728.0
718.4
742.4
768.0
787.2
716.8
742.4
768.0
768.0
784.0
792.0
768.0
817.6
792.0
768.0
768.0
779.2
716.8
753.6
728.0
716.8
728.0
726.3
742.4
751.9
751.9
742.4
726.3
744.0
742.4
761.6
726.3
742.4
750.4
776.0
768.0
784.0
776.0
768.0
736.0
720.0
716.8
737.6
694.4
716.8
718.4
753.6
716.8
729.6
321.6
281.6
716.8
1676.8
435.2
387.2
600.0
332.8
262.4
2347.2
614.4
376.0
241.6
716.8
512.0
643.2
332.8
1144.0
750.4
256.0
227.2
304.0
665.6
313.6
409.6
384.0
688.0
422.4
179.2
784.0
531.2
204.8
312.0
329.6
281.6
227.2
433.6
256.0
360.0
505.6
588.8
353.6
326.4
204.8
256.0
398.4
409.6
448.0
452.8
230.4
372.8
547.2
358.4
377.6
334.4
1126.4
1614.4
502.4
256.0
304.0
1182.4
307.2
2422.3999
275.2
4556.7998
1721.6
680.0
665.6
268.8
947.2
512.0
601.6
4160.0
307.2
5513.6001
1145.6
1100.8
404.8
441.5
281.6
588.8
640.0
640.0
641.6
1904.0
614.4
630.4
267.2
332.8
622.4
640.0
640.0
640.0
648.0
640.0
648.0
657.6
614.4
640.0
657.6
614.4
1811.2
601.6
2099.2
401.6
1016.0
486.4
259.2
1238.4
614.4
264.0
272.0
384.0
756.8
283.2
230.4
1544.0
640.0
640.0
649.6
619.1
1203.2
595.2
1196.8
4428.7998
663.9
663.9
640.0
1969.6
518.4
537.6
334.4
491.2
435.2
566.4
608.0
588.8
487.9
1382.4
640.0
417.6
899.2
1612.8
2008.0
484.8
256.0
2860.8
595.2
537.6
582.4
484.7
640.0
502.4
401.6
230.4
575.9
568.0
563.2
1182.4
320.0
307.2
272.0
1795.2
2124.8
1521.6
1104.0
588.8
400.0
401.5
358.4
1115.2
433.6
4608.0
784.0
768.0
768.0
809.6
785.6
742.4
736.0
728.0
716.8
745.6
726.3
742.4
751.9
744.0
742.4
720.0
720.0
716.8
736.0
726.3
742.4
776.0
777.5
742.4
728.0
737.6
691.2
688.0
670.4
691.2
724.8
1414.4
665.6
688.0
680.0
665.6
678.4
694.4
716.8
686.4
712.0
691.2
680.0
681.6
640.0
646.4
680.0
665.6
689.6
529.5
358.4
484.8
1296.0
640.0
1303.9
646.4
665.6
644.8
1334.4
716.8
2827.2
1361.6
691.2
616.0
624.0
614.4
663.9
646.4
665.6
712.0
696.0
691.2
696.0
713.6
665.6
696.0
696.0
691.2
718.4
745.6
716.8
710.4
729.6
691.2
728.0
726.3
742.4
720.0
728.0
716.8
739.2
686.4
691.2
721.6
697.6
665.6
680.0
417.6
256.0
672.0
670.4
691.2
672.0
680.0
665.6
670.4
705.6
665.6
680.0
670.4
691.2
696.0
697.6
665.6
656.0
656.0
640.0
656.0
656.0
640.0
654.4
680.0
665.6
672.0
672.0
665.6
689.5
663.9
640.0
411.2
240.0
614.4
600.0
604.8
384.0
1974.4
592.0
588.8
624.0
624.0
614.4
614.4
648.0
640.0
640.0
663.9
640.0
689.5
656.0
640.0
646.4
688.0
665.6
680.0
1313.6
640.0
681.6
663.9
640.0
688.0
670.4
691.2
672.0
680.0
665.6
704.0
713.6
665.6
680.0
680.0
665.6
697.6
689.5
640.0
646.4
672.0
665.6
663.9
654.4
665.6
691.2
1430.4
665.6
697.6
689.5
640.0
663.9
663.9
640.0
648.0
646.4
665.6
670.4
713.6
665.6
696.0
713.6
665.6
1337.6
689.6
1280.0
663.9
663.9
640.0
656.0
646.4
665.6
672.0
680.0
665.6
696.0
696.0
691.2
705.6
689.5
640.0
640.0
648.0
640.0
640.0
648.0
640.0
640.0
663.9
640.0
680.0
672.0
665.6
648.0
640.0
640.0
329.6
284.8
588.8
830.4
345.5
563.2
1169.6
235.2
1971.2
868.8
1286.3
281.6
1145.6
342.4
2534.3999
1099.2
1046.4
1433.6
284.8
476.8
2688.0
633.6
849.6
819.2
864.0
848.0
1356.8
339.2
1702.4
435.2
2260.8
520.0
768.0
835.2
531.2
588.8
984.0
592.0
1484.8
372.8
1830.4
2867.2
1104.0
220.7
4224.0
708.7
380.8
665.6
526.4
548.8
1228.8
457.6
550.3
563.2
600.0
1745.6
563.2
568.0
575.9
563.2
550.3
584.0
563.2
584.0
575.9
563.2
569.6
1198.4
563.2
584.0
566.4
588.8
592.0
608.0
588.8
1207.9
1206.4
588.8
592.0
592.0
588.8
606.4
233.6
460.8
443.2
406.4
409.6
344.0
868.8
256.0
398.4
291.2
358.4
316.8
243.2
1331.2
350.4
248.0
230.4
427.2
617.6
204.8
467.2
428.8
460.8
982.4
876.7
281.6
449.6
433.6
384.0
689.6
262.3
281.6
182.4
336.0
332.8
190.4
739.2
281.6
804.8
332.8
256.0
283.2
374.4
384.0
649.6
235.2
179.2
288.0
547.2
358.4
348.8
529.6
870.4
412.8
339.1
281.6
689.6
393.6
486.4
390.3
297.6
256.0
393.6
507.2
179.2
502.4
523.2
332.8
729.6
184.0
435.2
283.2
254.4
256.0
203.2
257.6
486.4
270.4
416.0
409.6
345.6
318.4
204.8
265.5
756.8
665.6
454.4
864.0
588.8
521.6
1768.0
2662.3999
540.8
1371.2
537.6
356.8
512.0
256.0
926.4
572.8
1126.4
385.6
3691.2
947.2
395.2
462.4
486.4
486.4
787.2
3532.8
1155.2
601.6
1203.2
784.0
526.4
281.6
387.2
1366.4
230.4
270.4
686.4
307.2
692.8
2409.6001
4044.8
683.2
878.4
640.0
435.2
784.0
384.0
3787.2
536.0
384.0
2086.3999
2235.2
1152.0
275.2
334.4
486.4
624.0
510.4
256.0
348.8
524.8
307.2
313.6
539.2
1126.4
2262.3999
377.6
204.8
496.0
873.6
588.8
713.6
540.8
844.8
390.4
420.8
204.8
347.2
302.4
179.2
2329.6001
276.8
563.2
737.6
324.8
2150.3999
387.2
726.3
742.4
353.6
702.4
204.8
1337.5
292.8
204.8
523.2
462.4
1510.4
976.0
2382.3999
230.4
528.0
1028.8
1331.2
788.8
323.2
2432.0
2990.3999
702.4
204.8
4257.6001
660.8
307.2
323.2
513.6
230.4
1376.0
208.0
2892.8
289.6
780.8
435.2
313.5
286.4
307.2
760.0
244.8
665.6
273.6
630.4
256.0
483.2
166.4
307.2
208.0
2267.2
537.6
596.8
518.3
281.6
528.0
1171.2
460.8
1024.0
788.8
179.2
249.6
339.2
409.6
472.0
470.4
230.4
2654.3999
235.2
947.2
1145.6
734.4
998.4
611.2
4516.7998
204.8
430.4
444.8
870.4
3761.6001
273.6
998.4
278.4
2731.2
1382.4
1804.8
1222.4
460.8
283.2
1528.0
486.4
830.4
352.0
204.8
1070.4
571.2
2176.0
376.0
232.0
230.4
276.8
459.2
256.0
728.0
356.7
1536.0
385.6
894.4
384.0
1283.2
720.0
972.8
1225.6
668.8
204.8
276.8
574.4
1868.8
947.2
651.2
844.8
470.4
371.1
563.2
537.6
267.2
332.8
1548.7
576.0
307.2
936.0
684.8
1100.8
944.0
286.4
563.2
184.0
315.2
384.0
384.0
4355.2002
716.8
612.8
534.4
409.6
320.0
179.2
384.0
369.6
219.2
921.6
3630.3999
950.4
332.8
1472.0
329.6
537.6
500.8
2217.6001
768.0
3243.2
628.8
665.6
368.0
624.0
486.4
710.4
336.0
332.8
508.8
414.3
4531.2002
923.2
1144.0
742.4
4481.6001
232.0
742.4
276.8
318.4
332.8
396.8
190.4
332.8
272.0
919.9
640.0
260.8
708.8
870.4
473.6
318.4
332.8
448.0
443.2
384.0
503.9
377.6
204.8
236.8
425.6
512.0
227.2
553.6
384.0
353.6
310.4
332.8
291.2
230.4
384.0
404.8
713.6
409.6
580.8
510.4
512.0
555.2
238.4
384.0
646.4
430.4
563.2
588.8
659.2
3532.8
376.0
747.2
563.2
1094.4
3667.2
409.6
321.6
297.6
512.0
182.4
352.0
460.8
206.4
233.6
332.8
315.2
396.8
179.2
364.8
417.6
384.0
539.2
374.4
256.0
262.4
552.0
537.6
552.0
552.0
537.6
552.0
542.4
563.2
575.9
566.4
588.8
600.0
608.0
588.8
600.0
603.2
1177.6
592.0
592.0
588.8
600.0
600.0
588.8
616.0
616.0
614.4
632.0
633.6
588.8
590.4
614.4
640.0
1264.0
616.0
614.4
654.4
1313.6
640.0
640.0
648.0
640.0
624.0
624.0
614.4
625.6
608.0
588.8
606.4
632.0
614.4
638.3
644.8
691.2
673.6
1427.2
1356.8
680.0
670.4
691.2
670.4
697.6
2073.6001
692.8
742.4
768.0
745.6
729.6
691.2
704.0
707.2
1408.0
731.2
689.5
640.0
649.6
633.6
1228.8
659.2
716.8
768.0
776.0
785.6
742.4
763.2
705.6
665.6
670.4
712.0
691.2
747.2
328.0
435.2
2283.2
707.2
640.0
632.0
614.4
640.0
614.4
663.9
640.0
688.0
672.0
665.6
688.0
672.0
665.6
678.4
710.4
716.8
777.5
760.0
742.4
777.5
744.0
742.4
816.0
806.4
819.2
848.0
867.2
793.6
841.6
806.4
819.2
811.2
751.9
742.4
784.0
776.0
768.0
817.6
768.0
768.0
751.9
758.4
768.0
801.6
768.0
768.0
721.6
697.6
665.6
648.0
656.0
640.0
667.2
750.4
768.0
817.6
784.0
768.0
763.2
702.4
716.8
720.0
729.6
691.2
707.2
649.6
614.4
622.4
656.0
640.0
704.0
713.6
665.6
672.0
672.0
665.6
663.9
646.4
665.6
696.0
696.0
691.2
704.0
705.6
665.6
696.0
696.0
691.2
675.2
1401.6
716.8
760.0
750.4
768.0
710.4
737.6
691.2
708.8
235.2
435.2
713.6
672.0
665.6
656.0
648.0
640.0
968.0
324.8
614.4
2009.6
179.2
4864.0
712.0
696.0
435.2
985.6
1344.0
1971.2
1296.0
648.0
640.0
649.6
886.4
384.0
2198.3999
294.4
1075.2
424.0
806.3
563.2
672.0
672.0
665.6
657.6
632.0
614.4
624.0
624.0
614.4
1214.4
593.6
563.2
568.0
585.6
537.6
544.0
561.6
512.0
552.0
552.0
537.6
564.8
638.3
640.0
736.0
720.0
716.8
744.0
744.0
742.4
704.0
713.6
665.6
704.0
704.0
691.2
696.0
696.0
691.2
646.4
678.4
691.2
720.0
728.0
716.8
761.6
729.6
691.2
705.6
672.0
665.6
656.0
663.9
640.0
704.0
694.4
716.8
760.0
742.4
768.0
732.8
395.2
588.8
424.0
673.6
640.0
662.4
672.0
665.6
414.4
960.0
691.2
728.0
729.6
691.2
712.0
696.0
691.2
712.0
708.7
358.4
366.4
776.0
1536.0
763.2
1480.0
691.2
726.3
742.4
768.0
776.0
792.0
768.0
800.0
811.2
742.4
760.0
751.9
742.4
720.0
737.6
691.2
720.0
720.0
716.8
710.4
736.0
716.8
745.6
720.0
716.8
694.4
737.6
691.2
670.4
694.4
716.8
720.0
728.0
716.8
737.6
704.0
691.2
704.0
696.0
691.2
688.0
670.4
691.2
705.6
678.4
691.2
736.0
736.0
716.8
712.0
704.0
691.2
648.0
656.0
640.0
646.4
688.0
665.6
696.0
712.0
691.2
712.0
696.0
691.2
697.6
672.0
665.6
688.0
680.0
665.6
656.0
663.9
640.0
654.4
688.0
665.6
704.0
705.6
665.6
700.8
1395.2
691.2
728.0
718.4
742.4
761.6
737.6
691.2
704.0
704.0
691.2
1361.6
712.0
691.2
721.6
704.0
691.2
736.0
736.0
716.8
721.6
704.0
691.2
672.0
681.6
640.0
663.9
654.4
665.6
672.0
670.4
691.2
670.4
713.6
665.6
672.0
672.0
665.6
656.0
663.9
640.0
681.6
646.4
665.6
670.4
715.1
640.0
680.0
670.4
691.2
713.6
670.4
691.2
720.0
739.2
665.6
681.6
648.0
640.0
620.8
683.2
742.4
832.0
843.2
768.0
768.0
777.5
742.4
751.9
742.4
768.0
784.0
792.0
768.0
800.0
793.6
768.0
768.0
776.0
768.0
768.0
768.0
768.0
663.9
646.4
665.6
692.8
750.4
768.0
785.6
753.6
716.8
737.6
704.0
691.2
712.0
704.0
691.2
696.0
696.0
691.2
704.0
713.6
665.6
696.0
713.6
665.6
648.0
649.6
614.4
600.0
600.0
588.8
624.0
622.4
640.0
648.0
663.9
640.0
688.0
681.6
640.0
640.0
641.6
614.4
590.4
633.6
588.8
630.4
644.8
691.2
678.4
712.0
691.2
761.6
728.0
716.8
720.0
720.0
716.8
705.6
688.0
665.6
680.0
678.4
691.2
678.4
696.0
691.2
704.0
697.6
665.6
672.0
680.0
665.6
663.9
662.3
1305.6
665.6
656.0
640.0
646.4
689.5
640.0
648.0
648.0
640.0
640.0
656.0
640.0
663.9
663.9
640.0
680.0
681.6
640.0
648.0
656.0
640.0
656.0
663.9
640.0
672.0
680.0
665.6
688.0
670.4
691.2
688.0
672.0
665.6
680.0
688.0
665.6
728.0
728.0
716.8
694.4
736.0
716.8
694.4
728.0
716.8
728.0
737.6
691.2
696.0
696.0
691.2
680.0
681.6
640.0
657.6
238.4
384.0
715.2
1281.6
614.4
1228.8
640.0
640.0
654.4
670.4
691.2
728.0
720.0
716.8
728.0
737.6
691.2
694.4
720.0
716.8
751.9
751.9
742.4
758.4
776.0
768.0
776.0
784.0
768.0
776.0
777.5
742.4
720.0
729.6
691.2
1707.2
492.8
665.6
310.4
356.7
4992.0
696.0
715.2
256.0
430.4
702.4
716.8
728.0
718.4
742.4
745.6
736.0
716.8
739.2
540.8
716.8
822.4
721.6
1459.2
736.0
726.3
742.4
751.9
750.4
768.0
785.6
744.0
2278.3999
739.2
1452.8
716.8
760.0
742.4
768.0
742.4
776.0
768.0
744.0
761.6
716.8
751.9
744.0
742.4
751.9
751.9
742.4
761.6
720.0
332.8
252.8
806.4
435.2
758.4
2321.6001
742.4
744.0
753.6
716.8
712.0
712.0
691.2
726.3
758.4
768.0
776.0
792.0
768.0
768.0
768.0
768.0
751.9
751.9
742.4
726.3
751.9
742.4
768.0
769.6
742.4
751.9
750.4
768.0
785.6
760.0
742.4
784.0
768.0
768.0
784.0
774.4
793.6
776.0
784.0
768.0
784.0
782.4
793.6
809.6
768.0
768.0
720.0
736.0
716.8
816.0
798.4
819.2
822.4
864.0
844.8
846.4
872.0
870.4
832.0
833.6
793.6
809.6
768.0
768.0
760.0
742.4
768.0
782.4
798.4
819.2
840.0
824.0
819.2
768.0
768.0
768.0
744.0
744.0
742.4
768.0
776.0
768.0
800.0
801.6
768.0
792.0
774.4
793.6
785.6
761.6
716.8
742.4
785.6
742.4
758.4
776.0
768.0
784.0
784.0
768.0
744.0
753.6
716.8
726.3
758.4
768.0
760.0
766.4
768.0
784.0
792.0
768.0
776.0
768.0
768.0
750.4
768.0
768.0
776.0
784.0
768.0
772.8
824.0
819.2
772.8
825.6
793.6
793.6
777.5
742.4
776.0
768.0
768.0
772.8
830.4
716.8
792.0
784.0
768.0
776.0
784.0
768.0
744.0
753.6
716.8
744.0
745.6
716.8
737.6
694.4
716.8
750.4
776.0
768.0
776.0
776.0
768.0
751.9
751.9
742.4
758.4
785.6
742.4
742.4
777.5
742.4
728.0
737.6
691.2
720.0
718.4
742.4
760.0
744.0
742.4
760.0
761.6
716.8
744.0
751.9
742.4
768.0
776.0
768.0
779.2
728.0
716.8
737.6
694.4
716.8
718.4
751.9
742.4
728.0
728.0
716.8
704.0
704.0
691.2
702.4
723.2
1433.6
710.4
736.0
716.8
734.4
744.0
742.4
785.6
750.4
768.0
742.4
768.0
768.0
744.0
750.4
768.0
801.6
776.0
768.0
750.4
1665.6
358.4
670.4
702.4
716.8
764.8
552.0
153.6
4811.1001
640.0
640.0
646.4
667.2
742.4
782.4
816.0
793.6
800.0
808.0
793.6
801.6
792.0
768.0
801.6
785.6
742.4
568.0
964.8
742.4
774.4
798.4
819.2
889.6
227.2
281.6
275.2
206.4
2662.3999
688.0
686.4
691.2
1411.2
1494.4
614.4
889.6
736.0
332.8
353.6
584.0
819.2
1420.8
702.4
716.8
1428.8
696.0
691.2
667.2
744.0
742.4
1427.2
734.4
742.4
742.4
777.5
742.4
744.0
751.9
742.4
761.6
720.0
716.8
696.0
704.0
691.2
849.6
316.8
486.4
751.9
744.0
742.4
761.6
726.3
742.4
782.4
800.0
793.6
798.4
843.2
768.0
792.0
792.0
768.0
792.0
784.0
768.0
768.0
784.0
768.0
785.6
751.9
742.4
776.0
784.0
768.0
768.0
785.6
742.4
776.0
785.6
742.4
751.9
750.4
768.0
760.0
760.0
742.4
744.0
744.0
742.4
726.3
744.0
742.4
737.6
712.0
179.2
355.2
1187.2
358.4
297.6
392.0
1408.0
1510.4
776.0
768.0
776.0
768.0
768.0
760.0
742.4
768.0
784.0
792.0
768.0
800.0
798.4
819.2
809.6
768.0
768.0
744.0
745.6
716.8
702.4
720.0
716.8
1502.4
766.4
768.0
1553.6
1528.0
742.4
768.0
776.0
768.0
776.0
785.6
742.4
785.6
751.9
742.4
751.9
751.9
742.4
751.9
760.0
742.4
760.0
760.0
742.4
857.6
707.2
384.0
328.0
702.4
716.8
728.0
736.0
716.8
718.4
744.0
742.4
718.4
744.0
742.4
718.4
744.0
742.4
751.9
760.0
742.4
760.0
751.9
742.4
729.6
195.2
512.0
691.2
2196.8
1459.2
728.0
720.0
716.8
737.6
694.4
716.8
704.0
715.1
640.0
668.8
1379.2
665.6
710.4
728.0
716.8
736.0
726.3
742.4
760.0
760.0
742.4
742.4
769.6
742.4
760.0
760.0
742.4
742.4
777.5
742.4
760.0
744.0
742.4
751.9
742.4
768.0
742.4
776.0
768.0
785.6
760.0
742.4
742.4
768.0
768.0
750.4
768.0
768.0
750.4
768.0
768.0
787.2
718.4
742.4
744.0
751.9
742.4
777.5
742.4
768.0
768.0
768.0
768.0
750.4
785.6
742.4
751.9
760.0
742.4
751.9
751.9
742.4
758.4
785.6
742.4
768.0
782.4
793.6
768.0
776.0
768.0
788.8
307.2
512.0
641.6
761.6
716.8
276.8
436.8
742.4
785.6
761.6
716.8
720.0
728.0
716.8
720.0
737.6
691.2
720.0
736.0
716.8
736.0
728.0
716.8
720.0
736.0
716.8
736.0
736.0
716.8
751.9
751.9
742.4
768.0
768.0
768.0
751.9
760.0
742.4
751.9
761.6
716.8
751.9
744.0
742.4
742.4
768.0
768.0
785.6
760.0
742.4
751.9
751.9
742.4
737.6
704.0
691.2
704.0
694.4
716.8
700.7
760.0
742.4
785.6
750.4
768.0
742.4
777.5
742.4
761.6
720.0
716.8
712.0
712.0
691.2
712.0
694.4
716.8
728.0
737.6
691.2
728.0
728.0
716.8
728.0
728.0
716.8
720.0
736.0
716.8
760.0
760.0
742.4
751.9
742.4
768.0
785.6
744.0
742.4
728.0
736.0
716.8
744.0
761.6
716.8
744.0
744.0
742.4
785.6
760.0
742.4
737.6
712.0
691.2
728.0
728.0
716.8
734.4
742.4
768.0
744.0
751.9
742.4
761.6
718.4
742.4
736.0
737.6
691.2
736.0
728.0
716.8
736.0
736.0
716.8
751.9
751.9
742.4
744.0
761.6
716.8
728.0
728.0
716.8
728.0
720.0
716.8
728.0
728.0
716.8
763.2
312.0
1843.2
683.2
244.8
153.6
280.0
1286.4
665.6
694.4
718.4
742.4
782.4
816.0
793.6
816.0
808.0
793.6
833.6
809.6
768.0
782.4
798.4
819.2
784.0
768.0
768.0
750.4
792.0
768.0
817.6
782.4
793.6
824.0
843.2
768.0
800.0
817.6
768.0
816.0
798.4
819.2
816.0
808.0
793.6
816.0
809.6
768.0
768.0
1555.2
716.8
784.0
774.4
793.6
792.0
776.0
768.0
777.5
744.0
742.4
726.3
760.0
742.4
760.0
742.4
768.0
761.6
720.0
716.8
718.4
760.0
742.4
751.9
760.0
742.4
777.5
742.4
768.0
742.4
768.0
768.0
760.0
760.0
742.4
787.2
726.3
742.4
751.9
760.0
742.4
734.4
751.9
742.4
737.6
694.4
716.8
712.0
702.4
716.8
760.0
742.4
768.0
776.0
785.6
742.4
718.4
751.9
742.4
751.9
761.6
716.8
744.0
744.0
742.4
760.0
751.9
742.4
760.0
744.0
742.4
736.0
739.2
1433.6
768.0
404.8
691.2
217.6
320.0
307.2
414.4
443.2
256.0
304.0
287.9
281.6
420.8
609.6
563.2
592.0
598.4
614.4
632.0
614.4
640.0
1820.8
609.6
563.2
224.0
337.6
563.2
560.0
542.4
563.2
1552.0
776.0
768.0
745.6
737.6
691.2
694.4
734.4
742.4
784.0
784.0
768.0
787.2
726.3
742.4
774.4
808.0
793.6
832.0
824.0
819.2
816.0
800.0
793.6
832.0
841.6
793.6
798.4
841.6
793.6
825.6
809.6
768.0
774.4
808.0
793.6
801.6
792.0
768.0
782.4
808.0
793.6
782.4
800.0
793.6
768.0
785.6
742.4
750.4
784.0
768.0
800.0
811.2
742.4
760.0
761.6
716.8
1267.2
1219.2
1408.0
596.8
1812.8
307.2
246.4
1040.0
512.0
1795.2
478.4
1254.4
764.8
676.8
588.8
3544.0
1627.2
409.6
747.2
824.0
819.2
838.4
1617.6
563.2
228.8
788.8
307.2
808.0
1576.0
793.6
800.0
800.0
793.6
806.4
824.0
819.2
817.6
776.0
768.0
785.6
751.9
742.4
3606.3999
817.6
256.0
193.6
289.6
1536.0
1849.6
432.0
4633.6001
774.4
808.0
1561.6
792.0
776.0
768.0
808.0
800.0
793.6
808.0
800.0
793.6
780.8
1596.8
998.4
256.0
1033.5
742.4
742.4
776.0
768.0
744.0
744.0
742.4
760.0
744.0
742.4
761.6
736.0
716.8
761.6
736.0
716.8
726.3
751.9
742.4
744.0
760.0
742.4
744.0
761.6
716.8
369.6
592.0
716.8
750.4
1556.8
563.2
971.2
788.8
563.2
748.8
932.8
716.8
766.4
2312.0
768.0
808.0
800.0
793.6
776.0
782.4
793.6
785.5
366.4
384.0
751.9
760.0
742.4
751.9
752.0
230.4
508.8
1708.8
588.8
241.6
468.8
1408.0
723.2
2081.6001
384.0
1123.2
680.0
281.6
390.4
1068.8
716.8
1273.6
1108.8
1920.0
3776.0
1595.2
768.0
1552.0
265.6
486.4
265.6
500.8
665.6
835.2
654.4
537.6
409.6
646.4
793.6
808.0
1705.6
896.0
833.6
800.0
793.6
809.6
784.0
768.0
798.4
827.2
640.0
902.4
539.2
230.4
777.5
751.9
742.4
744.0
760.0
742.4
742.4
769.6
742.4
744.0
761.6
716.8
744.0
751.9
742.4
259.2
480.0
716.8
2238.3999
726.3
742.4
744.0
761.6
716.8
728.0
737.6
691.2
704.0
696.0
691.2
2144.0
728.0
716.8
736.0
726.3
742.4
737.6
710.4
716.8
720.0
737.6
1459.2
1480.0
710.4
716.8
751.9
744.0
742.4
619.2
710.4
2764.8
2105.6001
1841.6
256.0
267.2
857.6
691.2
932.8
460.8
2048.0
288.0
5803.2002
998.4
3888.0
667.2
486.4
3248.0
427.2
230.4
225.6
452.8
230.4
694.4
212.8
512.0
777.6
240.0
358.4
643.2
734.4
742.4
1627.2
816.0
793.6
836.8
760.0
742.4
745.6
718.4
742.4
728.0
720.0
716.8
776.0
784.0
768.0
760.0
760.0
742.4
785.6
760.0
742.4
254.4
512.0
768.0
776.0
768.0
768.0
744.0
744.0
742.4
760.0
760.0
742.4
744.0
744.0
742.4
744.0
744.0
742.4
744.0
751.9
742.4
745.6
720.0
716.8
702.4
720.0
716.8
552.0
158.4
691.2
696.0
704.0
691.2
681.6
648.0
640.0
663.9
662.4
665.6
712.0
1483.2
1408.0
702.4
720.0
716.8
780.8
840.0
819.2
776.0
792.0
768.0
790.4
2345.6001
768.0
792.0
790.4
1561.6
776.0
776.0
768.0
777.5
758.4
768.0
776.0
777.6
2278.3999
785.6
750.4
768.0
1609.6
817.6
768.0
779.2
1617.6
819.2
793.6
774.4
793.6
776.0
768.0
768.0
801.6
784.0
1024.0
510.4
792.0
768.0
483.2
284.8
332.8
318.4
340.8
256.0
976.0
734.4
1254.4
1428.8
948.8
742.4
761.6
728.0
716.8
1454.4
704.0
691.2
296.0
425.6
3712.0
1500.8
2955.2
716.8
776.0
776.0
768.0
782.4
816.0
793.6
784.0
1038.4
2841.6001
276.8
1345.6
793.6
1569.6
1553.6
742.4
768.0
768.0
1536.0
768.0
256.0
256.0
457.6
1448.0
1049.6
923.2
496.0
230.4
403.2
220.8
384.0
617.6
1244.8
256.0
2059.2
588.8
640.0
875.2
449.6
665.6
688.0
678.4
691.2
678.4
691.2
768.0
822.4
848.0
844.8
249.6
600.0
844.8
827.2
1684.8
819.2
832.0
830.4
844.8
905.6
889.6
844.8
833.6
809.6
768.0
803.2
1643.2
819.2
806.4
841.6
793.6
774.4
817.6
768.0
816.0
800.0
793.6
776.0
784.0
768.0
776.0
774.4
1561.6
800.0
809.6
768.0
825.6
817.6
768.0
774.4
816.0
793.6
817.6
774.4
793.6
792.0
776.0
768.0
784.0
784.0
1536.0
816.0
816.0
793.6
830.4
854.4
870.4
841.6
800.0
793.6
800.0
816.0
793.6
840.0
841.6
793.6
800.0
800.0
793.6
782.4
800.0
793.6
816.0
1585.6
768.0
774.4
800.0
793.6
800.0
817.6
768.0
792.0
776.0
768.0
784.0
774.4
793.6
774.4
808.0
793.6
800.0
817.6
768.0
784.0
792.0
768.0
784.0
774.4
793.6
817.6
776.0
768.0
801.6
785.6
742.4
737.6
704.0
691.2
252.8
430.4
435.2
379.2
449.6
281.6
353.6
438.4
204.8
400.0
262.4
921.6
504.0
243.2
1203.2
726.3
742.4
768.0
784.0
776.0
768.0
800.0
816.0
793.6
1603.2
780.8
2099.2
393.6
1644.8
793.6
811.2
243.1
563.2
817.6
790.4
793.6
1627.2
808.0
793.6
822.4
856.0
844.8
806.4
825.6
1689.6
251.2
587.2
768.0
782.4
796.8
844.8
913.6
881.6
844.8
830.4
868.8
1792.0
862.4
2686.3999
512.0
819.2
1806.4
921.6
2844.8
996.8
896.0
937.6
904.0
896.0
1668.8
840.0
819.2
800.0
814.4
1587.2
838.4
865.6
819.2
816.0
804.8
844.8
822.4
857.6
819.2
833.6
1692.8
844.8
896.0
897.6
870.4
888.0
872.0
870.4
1643.2
827.2
1664.0
816.0
814.4
819.2
857.6
833.6
793.6
1705.6
1667.2
2508.8
856.0
848.0
844.8
2502.3999
1873.6
819.2
1779.2
1088.0
947.2
3867.2
1897.6
1868.8
1779.2
1715.2
1664.0
1724.8
1784.0
870.4
971.2
2564.8
1715.2
814.4
838.4
844.8
1702.4
824.0
819.2
2555.2
825.6
1689.6
3280.0
2531.2
3225.6001
803.1
2430.3999
768.0
784.0
774.4
793.6
808.0
800.0
793.6
780.8
828.8
870.4
881.6
865.6
819.2
808.0
816.0
793.6
774.4
796.8
844.8
1740.8
902.4
921.6
1102.4
1016.0
998.4
2051.2
992.0
972.8
1009.6
982.4
998.4
1024.0
1030.4
3993.6001
912.0
912.0
1792.0
852.8
918.4
2713.6001
872.0
886.4
896.0
1692.8
846.4
870.4
888.0
2801.6001
844.8
4195.2002
800.0
1689.6
707.2
406.4
537.6
814.4
819.2
896.0
1724.8
2555.2
1075.2
1734.4
1761.6
819.2
844.8
1796.8
2739.2
891.2
833.6
4505.6001
1732.8
891.2
819.2
867.2
940.8
1100.8
1939.2
848.0
844.8
844.8
905.6
870.4
1078.4
606.4
1638.4
751.9
760.0
230.4
2966.3999
808.0
793.6
806.4
841.6
793.6
800.0
798.3
2355.2
774.4
1569.6
768.0
751.9
742.4
768.0
1584.0
800.0
793.6
1585.6
774.4
793.6
782.3
2470.3999
2483.2
843.2
1684.8
819.2
857.6
836.8
230.4
574.4
859.2
1689.6
1676.8
843.2
768.0
2444.8
824.0
819.2
838.4
864.0
844.8
838.4
844.8
896.0
1771.2
1734.4
844.8
876.8
931.2
870.4
894.4
900.8
1843.2
894.4
1793.6
870.4
822.4
852.8
1792.0
889.6
846.4
870.4
230.4
644.8
3507.2
880.0
880.0
870.4
888.0
881.5
1996.8
592.0
849.6
819.2
806.4
841.6
793.6
800.0
808.0
1561.6
830.4
846.4
870.4
1758.4
3430.3999
256.0
552.0
809.6
768.0
792.0
782.4
793.6
817.6
792.0
768.0
784.0
2436.8
819.2
809.6
2456.0
768.0
2364.7
2416.0
1638.4
832.0
822.4
1612.8
824.0
833.6
793.6
2430.3999
784.0
768.0
3465.6001
880.0
1766.4
856.0
864.0
844.8
848.0
864.0
1740.8
273.6
616.0
870.4
856.0
1104.0
844.8
601.6
840.0
819.2
836.8
233.6
588.8
910.4
1049.6
896.0
857.6
1734.4
844.8
254.3
648.0
896.0
884.8
942.4
947.2
984.0
2656.0
844.8
848.0
859.2
1689.6
241.6
600.0
844.8
1803.2
856.0
844.8
848.0
865.6
819.2
1726.4
857.6
819.2
833.6
817.5
1536.0
1544.0
785.6
742.4
803.2
2545.6001
844.8
1692.8
849.6
819.2
1678.4
2596.8
844.8
824.0
836.8
230.4
572.8
233.6
588.8
800.0
800.0
793.6
1619.2
809.6
768.0
244.8
555.2
230.4
1652.8
1697.6
1664.0
273.6
1392.0
1638.4
800.0
800.0
793.6
824.0
832.0
819.2
807.9
2472.0
793.6
795.2
1660.8
793.6
798.4
841.6
793.6
800.0
800.0
793.6
822.4
864.0
844.8
1716.8
875.2
819.2
817.6
785.6
230.4
555.2
235.2
563.2
806.4
840.0
1715.2
884.8
801.6
768.0
774.4
804.8
1612.8
4312.0
865.6
819.2
798.4
843.2
1664.0
881.6
865.6
3507.2
1096.0
1467.2
896.0
1758.4
2544.0
1638.4
856.0
862.4
2406.3999
838.4
857.6
819.2
2489.6001
932.8
972.8
1716.8
883.2
1715.2
841.6
1692.8
844.8
268.7
585.6
793.6
806.4
841.6
1689.6
840.0
833.6
1689.6
851.2
1713.6
1664.0
846.4
873.6
844.8
3500.8
862.4
870.4
913.6
891.2
819.2
844.8
2582.3999
793.6
806.4
832.0
819.2
832.0
833.6
793.6
1676.8
836.8
3430.3999
848.0
848.0
1740.8
1761.6
822.4
844.8
846.4
881.6
844.8
862.4
249.6
588.8
1753.6
824.0
819.2
2588.8
982.4
1126.4
689.6
907.2
844.8
836.8
252.8
1433.6
864.0
2766.3999
998.4
1822.4
1865.6
921.6
936.0
929.6
896.0
870.4
905.6
1766.4
856.0
1748.8
3456.0
2054.3999
1444.8
844.8
1724.8
881.6
844.8
880.0
1147.2
563.2
856.0
846.4
2534.3999
811.2
249.6
332.8
212.8
264.0
512.0
788.8
694.4
716.8
168.0
537.6
768.0
1180.8
464.0
460.8
352.0
592.0
588.8
608.0
600.0
588.8
614.4
648.0
640.0
1344.0
691.2
768.0
830.4
844.8
896.0
896.0
913.6
870.4
942.4
960.0
947.2
907.2
846.4
870.4
971.2
899.2
972.8
984.0
988.8
896.0
884.8
928.0
921.6
913.6
870.4
896.0
888.0
870.4
896.0
896.0
905.6
870.4
846.4
892.8
921.6
956.8
881.6
844.8
844.8
897.6
870.4
856.0
854.4
870.4
881.6
848.0
844.8
904.0
897.6
870.4
854.4
894.4
896.0
913.6
888.0
870.4
904.0
897.6
870.4
888.0
884.8
921.6
913.6
872.0
870.4
888.0
883.2
819.2
832.0
840.0
819.2
937.6
1040.0
896.0
913.6
1001.6
1100.8
1041.6
1022.4
1024.0
953.6
944.0
921.6
928.0
937.6
896.0
931.2
880.0
870.4
918.4
934.4
947.2
937.6
904.0
896.0
920.0
915.2
972.8
896.0
904.0
896.0
896.0
902.4
921.6
880.0
891.2
819.2
830.4
865.6
819.2
846.4
888.0
870.4
865.6
824.0
819.2
857.6
824.0
819.2
838.4
864.0
844.8
830.4
854.4
870.4
888.0
872.0
870.4
822.4
856.0
844.8
854.4
889.6
844.8
886.4
897.6
870.4
846.4
870.4
896.0
881.6
846.4
870.4
878.4
905.6
870.4
865.6
830.4
844.8
881.6
865.6
819.2
872.0
880.0
870.4
905.6
878.4
896.0
912.0
905.6
870.4
902.4
929.6
896.0
872.0
872.0
870.4
884.8
934.4
947.2
886.4
910.4
921.6
937.6
902.4
921.6
952.0
971.2
896.0
920.0
904.0
896.0
881.6
864.0
844.8
881.6
862.4
870.4
902.4
928.0
921.6
880.0
880.0
870.4
945.6
897.6
870.4
878.4
904.0
896.0
854.4
878.4
896.0
888.0
870.4
896.0
904.0
905.6
870.4
913.6
872.0
870.4
864.0
844.8
896.0
936.0
937.6
896.0
956.8
1006.4
896.0
888.0
878.4
896.0
872.0
886.4
896.0
955.1
1036.8
947.2
907.2
859.2
793.6
816.0
804.8
844.8
996.8
1025.6
998.4
1000.0
1000.0
998.4
1017.6
977.6
947.2
905.6
870.4
896.0
897.6
872.0
870.4
889.6
848.0
844.8
856.0
852.8
896.0
889.6
864.0
844.8
888.0
880.0
870.4
881.6
846.4
870.4
896.0
905.6
870.4
888.0
888.0
870.4
846.4
880.0
870.4
880.0
872.0
870.4
894.4
897.6
870.4
846.4
894.4
896.0
897.6
888.0
870.4
916.8
953.6
921.6
846.4
870.4
896.0
897.6
881.6
844.8
888.0
1022.4
1024.0
1022.4
1031.9
1024.0
1016.0
1000.0
998.4
886.4
897.6
870.4
880.0
884.8
921.6
913.6
870.4
896.0
926.4
1860.8
870.4
888.0
872.0
870.4
880.0
878.4
896.0
937.6
896.0
896.0
920.0
904.0
896.0
878.4
920.0
896.0
880.0
870.4
896.0
913.6
889.6
844.8
868.8
900.8
947.2
953.6
1068.8
1100.8
1025.6
1000.0
998.4
1028.8
964.8
870.4
886.4
918.4
921.6
928.0
945.6
896.0
920.0
910.4
921.6
920.0
912.0
896.0
896.0
905.6
870.4
880.0
889.6
844.8
844.8
918.4
921.6
902.4
931.2
870.4
870.4
920.0
896.0
912.0
920.0
896.0
929.6
904.0
896.0
905.6
872.0
870.4
856.0
864.0
844.8
872.0
889.6
844.8
880.0
880.0
870.4
870.4
904.0
896.0
880.0
888.0
870.4
888.0
880.0
870.4
920.0
902.4
921.6
915.2
864.0
844.8
886.4
900.8
947.2
1056.0
1073.6
896.0
984.0
996.8
896.0
920.0
920.0
896.0
897.6
878.4
896.0
913.6
889.6
844.8
910.4
929.6
896.0
904.0
902.4
1817.6
912.0
920.0
896.0
897.6
888.0
870.4
912.0
902.4
921.6
913.6
870.4
896.0
937.6
896.0
896.0
894.4
900.8
947.2
915.2
864.0
844.8
904.0
915.2
844.8
864.0
844.8
896.0
881.6
854.4
870.4
888.0
884.8
921.6
1028.8
947.2
896.0
904.0
897.6
870.4
1768.0
870.4
896.0
889.6
854.4
870.4
870.4
905.6
870.4
886.4
918.4
921.6
982.4
870.4
896.0
920.0
902.4
921.6
910.4
942.4
947.2
896.0
912.0
896.0
929.6
896.0
896.0
900.8
969.6
921.6
904.0
920.0
896.0
880.0
888.0
870.4
913.6
872.0
870.4
908.8
961.6
921.6
896.0
910.4
921.6
921.6
920.0
896.0
902.4
921.6
896.0
904.0
913.6
870.4
880.0
894.4
896.0
913.6
878.4
896.0
897.6
881.6
844.8
862.4
880.0
870.4
870.4
896.0
896.0
880.0
878.4
896.0
897.6
889.6
844.8
920.0
920.0
896.0
904.0
910.4
921.6
939.2
880.0
870.4
886.4
920.0
896.0
913.6
886.4
896.0
942.4
963.2
896.0
902.4
936.0
921.6
904.0
912.0
896.0
896.0
913.6
870.4
920.0
904.0
896.0
896.0
904.0
896.0
872.0
880.0
870.4
880.0
889.6
844.8
897.6
880.0
870.4
913.6
872.0
870.4
896.0
902.4
921.6
880.0
870.4
896.0
913.6
880.0
870.4
900.8
963.2
896.0
904.0
902.4
921.6
896.0
896.0
896.0
902.4
929.6
896.0
886.4
912.0
896.0
905.6
880.0
870.4
913.6
888.0
870.4
880.0
870.4
896.0
913.6
878.4
896.0
904.0
896.0
896.0
920.0
904.0
896.0
881.6
854.4
870.4
888.0
880.0
870.4
856.0
854.4
870.4
889.6
864.0
844.8
870.4
896.0
896.0
888.0
888.0
870.4
880.0
888.0
870.4
878.4
912.0
896.0
913.6
878.4
896.0
912.0
897.6
870.4
878.4
904.0
896.0
913.6
886.4
896.0
872.0
888.0
870.4
878.4
905.6
870.4
889.6
846.4
870.4
881.6
864.0
844.8
870.4
913.6
870.4
870.4
913.6
870.4
889.6
862.4
870.4
881.6
856.0
844.8
920.0
1035.2
972.8
990.4
1017.6
972.8
958.4
974.4
998.4
913.6
880.0
870.4
878.4
913.6
870.4
912.0
902.4
921.6
905.6
870.4
896.0
876.8
937.6
896.0
888.0
888.0
870.4
872.0
880.0
870.4
880.0
872.0
870.4
880.0
870.4
896.0
870.4
905.6
870.4
880.0
878.4
896.0
904.0
912.0
896.0
936.0
937.6
896.0
902.4
945.6
896.0
896.0
902.4
921.6
897.6
889.6
844.8
886.4
912.0
896.0
900.8
947.2
1024.0
904.0
902.4
921.6
913.6
870.4
896.0
900.8
947.2
896.0
870.4
920.0
896.0
929.6
904.0
896.0
945.6
913.6
870.4
902.4
929.6
896.0
878.4
904.0
896.0
880.0
880.0
870.4
888.0
878.4
896.0
945.6
912.0
896.0
904.0
896.0
896.0
913.6
880.0
870.4
904.0
896.0
896.0
920.0
916.8
947.2
948.8
888.0
870.4
936.0
937.6
896.0
918.4
942.4
947.2
902.4
929.6
896.0
880.0
888.0
870.4
889.6
844.8
896.0
878.4
905.6
870.4
870.4
896.0
896.0
880.0
888.0
870.4
968.0
948.8
870.4
844.8
904.0
896.0
862.4
886.4
896.0
896.0
897.6
870.4
880.0
881.6
844.8
872.0
870.4
896.0
881.6
854.4
870.4
844.8
896.0
896.0
913.6
878.4
896.0
896.0
896.0
896.0
902.4
921.6
896.0
878.4
920.0
896.0
944.0
921.6
896.0
912.0
920.0
896.0
888.0
878.4
896.0
904.0
913.6
870.4
920.0
913.6
870.4
889.6
854.4
870.4
888.0
872.0
870.4
886.4
904.0
896.0
878.4
904.0
896.0
896.0
913.6
870.4
905.6
872.0
870.4
862.4
872.0
870.4
864.0
846.4
870.4
881.6
856.0
844.8
860.8
913.6
870.4
870.4
905.6
870.4
904.0
896.0
896.0
904.0
897.6
870.4
854.4
880.0
870.4
856.0
862.4
870.4
880.0
872.0
870.4
905.6
888.0
870.4
886.4
904.0
896.0
896.0
912.0
896.0
896.0
896.0
896.0
920.0
913.6
870.4
870.4
912.0
896.0
913.6
870.4
896.0
912.0
905.6
870.4
880.0
870.4
896.0
880.0
872.0
870.4
912.0
904.0
896.0
878.4
920.0
896.0
872.0
872.0
870.4
913.6
872.0
870.4
904.0
897.6
870.4
880.0
888.0
870.4
864.0
864.0
844.8
913.6
872.0
870.4
528.0
1046.4
921.6
910.4
926.4
947.2
971.2
912.0
896.0
880.0
872.0
870.4
880.0
894.4
896.0
880.0
888.0
870.4
905.6
872.0
870.4
889.6
856.0
844.8
864.0
852.8
896.0
939.2
878.4
896.0
920.0
912.0
896.0
900.8
963.2
896.0
904.0
912.0
896.0
897.6
880.0
870.4
912.0
913.6
870.4
888.0
870.4
896.0
889.6
846.4
870.4
912.0
904.0
896.0
888.0
878.4
896.0
888.0
870.4
896.0
888.0
888.0
870.4
902.4
929.6
896.0
918.4
944.0
921.6
913.6
878.4
896.0
913.6
872.0
870.4
884.8
926.4
947.2
896.0
912.0
896.0
888.0
894.4
896.0
912.0
904.0
896.0
945.6
912.0
896.0
920.0
913.6
870.4
888.0
870.4
896.0
920.0
920.0
896.0
945.6
920.0
896.0
921.6
897.6
870.4
920.0
896.0
896.0
896.0
912.0
896.0
897.6
880.0
870.4
913.6
872.0
870.4
846.4
888.0
870.4
864.0
854.4
870.4
880.0
880.0
870.4
870.4
905.6
870.4
905.6
880.0
870.4
904.0
905.6
870.4
920.0
904.0
896.0
912.0
913.6
870.4
854.4
888.0
870.4
880.0
888.0
870.4
915.2
854.4
870.4
870.4
912.0
896.0
872.0
878.4
896.0
928.0
921.6
896.0
910.4
929.6
896.0
920.0
902.4
921.6
872.0
894.4
896.0
896.0
905.6
870.4
904.0
905.6
870.4
870.4
904.0
896.0
905.6
870.4
896.0
872.0
872.0
870.4
913.6
880.0
870.4
888.0
870.4
896.0
872.0
880.0
870.4
872.0
889.6
844.8
1774.4
913.6
870.4
880.0
870.4
896.0
896.0
913.6
870.4
913.6
872.0
870.4
894.4
913.6
870.4
904.0
896.0
896.0
888.0
894.4
896.0
897.6
870.4
896.0
888.0
888.0
870.4
870.4
897.6
870.4
864.0
846.4
870.4
864.0
846.4
870.4
872.0
881.6
844.8
852.8
920.0
896.0
888.0
878.4
896.0
872.0
888.0
870.4
896.0
904.0
896.0
918.4
928.0
921.6
872.0
880.0
870.4
872.0
872.0
870.4
872.0
870.4
896.0
889.6
862.4
870.4
897.6
880.0
870.4
878.4
896.0
896.0
876.8
939.2
870.4
870.4
904.0
896.0
880.0
872.0
870.4
896.0
905.6
870.4
870.4
896.0
896.0
872.0
870.4
896.0
888.0
888.0
870.4
872.0
870.4
896.0
888.0
888.0
870.4
896.0
896.0
896.0
888.0
894.4
896.0
912.0
902.4
921.6
921.6
896.0
896.0
904.0
897.6
870.4
888.0
889.6
844.8
888.0
880.0
870.4
872.0
872.0
870.4
889.6
864.0
844.8
880.0
873.6
844.8
856.0
854.4
870.4
881.6
856.0
844.8
872.0
872.0
870.4
854.4
888.0
870.4
872.0
888.0
870.4
905.6
872.0
870.4
902.4
931.2
870.4
913.6
886.4
896.0
880.0
880.0
870.4
912.0
920.0
896.0
923.2
1022.4
896.0
928.0
934.4
947.2
929.6
918.4
921.6
904.0
912.0
896.0
904.0
896.0
896.0
912.0
905.6
870.4
904.0
896.0
896.0
881.6
864.0
844.8
896.0
896.0
896.0
878.4
896.0
896.0
913.6
872.0
870.4
880.0
872.0
870.4
872.0
880.0
870.4
889.6
854.4
870.4
889.6
854.4
870.4
889.6
846.4
870.4
864.0
864.0
844.8
873.6
848.0
844.8
896.0
905.6
870.4
870.4
904.0
896.0
880.0
870.4
896.0
880.0
870.4
896.0
881.6
1752.0
844.8
889.6
848.0
844.8
870.4
896.0
896.0
913.6
888.0
870.4
913.6
870.4
896.0
896.0
913.6
870.4
886.4
918.4
921.6
896.0
912.0
896.0
905.6
880.0
870.4
870.4
904.0
896.0
872.0
878.4
896.0
897.6
889.6
844.8
888.0
889.6
844.8
854.4
888.0
870.4
846.4
878.4
896.0
902.4
921.6
896.0
876.8
942.4
947.2
971.2
902.4
921.6
928.0
921.6
896.0
944.0
929.6
896.0
920.0
907.2
972.8
947.2
910.4
921.6
945.6
896.0
896.0
902.4
921.6
896.0
846.4
880.0
870.4
905.6
880.0
870.4
912.0
904.0
896.0
945.6
912.0
896.0
896.0
913.6
870.4
945.6
913.6
870.4
888.0
878.4
896.0
913.6
876.8
921.6
928.0
937.6
896.0
929.6
905.6
870.4
904.0
913.6
870.4
864.0
854.4
870.4
913.6
880.0
870.4
870.4
904.0
896.0
888.0
878.4
896.0
897.6
888.0
870.4
889.6
846.4
870.4
888.0
886.4
896.0
896.0
912.0
896.0
920.0
918.4
921.6
971.2
905.6
870.4
886.4
905.6
870.4
870.4
913.6
870.4
889.6
862.4
870.4
886.4
918.4
921.6
905.6
886.4
896.0
896.0
913.6
870.4
928.0
931.2
870.4
888.0
876.8
921.6
948.8
870.4
896.0
905.6
872.0
870.4
854.4
878.4
896.0
870.4
920.0
896.0
896.0
905.6
870.4
912.0
905.6
870.4
880.0
870.4
896.0
889.6
864.0
844.8
880.0
870.4
896.0
904.0
913.6
870.4
846.4
870.4
896.0
945.6
913.6
870.4
920.0
904.0
896.0
872.0
886.4
896.0
913.6
888.0
870.4
870.4
912.0
896.0
905.6
878.4
896.0
913.6
870.4
896.0
904.0
913.6
870.4
870.4
904.0
896.0
928.0
945.6
896.0
896.0
912.0
896.0
913.6
878.4
896.0
904.0
913.6
870.4
920.0
912.0
896.0
913.6
880.0
870.4
854.4
1387.2
563.2
300.8
355.2
281.6
649.6
620.8
665.6
476.8
260.8
307.2
1393.6
608.0
588.8
632.0
624.0
614.4
620.8
558.4
307.2
347.2
305.6
256.0
572.8
1140.8
537.6
547.2
1662.4
1664.0
595.2
684.8
716.8
771.2
854.4
870.4
904.0
905.6
870.4
862.4
758.4
768.0
792.0
776.0
768.0
788.8
840.0
947.2
1096.0
968.0
947.2
784.0
768.0
768.0
814.4
822.4
844.8
798.4
825.6
793.6
798.4
824.0
819.2
852.8
908.8
947.2
897.6
878.4
896.0
899.2
848.0
844.8
816.0
816.0
793.6
848.0
848.0
844.8
838.4
846.4
870.4
880.0
876.8
921.6
932.8
844.8
896.0
825.6
800.0
793.6
814.4
825.6
921.6
1025.6
1001.6
972.8
923.2
873.6
844.8
856.0
844.8
896.0
915.2
857.6
819.2
808.0
932.8
1100.8
1030.4
1072.0
1049.6
1031.9
1041.6
998.4
984.0
990.4
870.4
856.0
846.4
870.4
918.4
936.0
921.6
830.4
849.6
819.2
830.4
852.8
896.0
1049.6
1028.8
947.2
968.0
963.2
896.0
902.4
939.2
870.4
865.6
841.6
793.6
774.4
801.6
768.0
740.8
395.2
332.8
736.0
734.4
742.4
751.9
751.9
742.4
791.9
1558.4
793.6
824.0
827.2
768.0
358.4
404.8
307.2
225.6
824.0
435.2
196.8
1254.4
640.0
625.6
1249.6
1843.2
656.0
663.9
640.0
263.9
1033.6
614.4
516.8
691.2
640.0
646.4
672.0
665.6
710.4
732.8
768.0
697.6
673.6
640.0
648.0
644.8
691.2
700.8
638.4
2944.0
737.6
713.6
665.6
672.0
681.6
640.0
649.6
624.0
614.4
646.4
668.8
716.8
758.4
785.6
742.4
751.9
751.9
742.4
760.0
760.0
742.4
771.2
716.8
896.0
676.8
734.4
742.4
790.4
803.1
742.4
760.0
742.4
768.0
777.5
761.6
716.8
739.2
688.0
665.6
918.4
929.6
896.0
878.4
913.6
870.4
828.7
753.6
716.8
715.1
663.9
640.0
699.2
782.4
793.6
876.8
945.6
896.0
881.6
852.8
896.0
865.6
840.0
819.2
817.6
792.0
768.0
748.8
1446.4
691.2
718.4
766.4
768.0
840.0
824.0
819.2
841.6
808.0
793.6
768.0
776.0
768.0
784.0
768.0
768.0
768.0
768.0
768.0
737.6
694.4
716.8
721.6
713.6
665.6
680.0
678.4
691.2
734.4
766.4
768.0
817.6
785.6
742.4
745.6
729.6
4659.2002
648.0
640.0
640.0
646.4
672.0
665.6
656.0
648.0
640.0
656.0
656.0
640.0
662.4
676.8
716.8
750.4
768.0
768.0
792.0
782.4
793.6
825.6
793.6
768.0
697.6
681.6
640.0
616.0
624.0
614.4
1294.4
686.4
691.2
751.9
751.9
742.4
742.4
769.6
742.4
731.2
681.6
640.0
640.0
649.6
614.4
616.0
614.4
640.0
260.8
443.2
640.0
159.9
305.6
256.0
328.0
575.9
563.2
575.9
575.9
563.2
552.0
544.0
537.6
544.0
561.6
512.0
665.6
784.0
768.0
838.4
864.0
844.8
862.4
886.4
896.0
899.2
865.6
819.2
844.8
905.6
870.4
878.4
918.4
921.6
942.4
968.0
947.2
961.6
944.0
921.6
915.2
854.4
870.4
915.2
846.4
870.4
859.2
801.6
768.0
696.0
710.4
716.8
836.8
884.8
921.6
822.4
864.0
844.8
825.6
798.4
819.2
844.8
904.0
896.0
862.4
872.0
870.4
889.6
848.0
844.8
832.0
833.6
793.6
808.0
814.4
819.2
846.4
889.6
844.8
904.0
915.2
844.8
910.4
936.0
921.6
920.0
896.0
896.0
872.0
880.0
870.4
825.6
817.6
768.0
816.0
808.0
793.6
792.0
774.4
793.6
814.4
824.0
819.2
824.0
825.6
793.6
816.0
816.0
793.6
790.4
800.0
793.6
832.0
841.6
793.6
800.0
817.6
768.0
816.0
814.4
819.2
838.4
856.0
844.8
833.6
800.0
793.6
782.4
817.6
768.0
806.4
828.8
870.4
947.2
916.8
947.2
948.8
891.2
819.2
817.6
774.4
793.6
793.6
915.2
972.8
950.4
995.2
921.6
913.6
872.0
870.4
840.0
843.2
768.0
768.0
774.4
793.6
848.0
857.6
819.2
857.6
833.6
793.6
817.6
768.0
768.0
777.5
744.0
742.4
750.4
792.0
768.0
772.8
824.0
819.2
817.6
774.4
793.6
809.6
792.0
768.0
792.0
784.0
768.0
776.0
784.0
768.0
784.0
792.0
768.0
808.0
798.4
819.2
824.0
841.6
793.6
798.4
832.0
819.2
849.6
841.6
793.6
825.6
808.0
793.6
798.4
833.6
793.6
809.6
769.6
742.4
718.4
748.8
793.6
808.0
796.8
844.8
888.0
892.8
793.6
809.6
784.0
768.0
774.4
809.6
768.0
792.0
788.8
819.2
886.4
897.6
870.4
924.8
993.6
819.2
857.6
841.6
793.6
816.0
796.8
844.8
931.2
1001.6
972.8
953.6
921.6
896.0
872.0
891.2
819.2
808.0
814.4
819.2
857.6
838.4
844.8
857.6
840.0
819.2
832.0
841.6
793.6
832.0
841.6
793.6
800.0
817.6
768.0
785.6
742.4
768.0
776.0
782.4
793.6
822.4
852.8
896.0
934.4
840.0
819.2
832.0
824.0
819.2
841.6
816.0
793.6
809.6
776.0
768.0
751.9
751.9
742.4
776.0
774.4
793.6
788.8
822.4
844.8
841.6
808.0
793.6
798.4
825.6
793.6
824.0
832.0
819.2
841.6
806.4
819.2
808.0
816.0
793.6
814.4
822.4
844.8
824.0
841.6
793.6
824.0
832.0
819.2
824.0
832.0
819.2
832.0
822.4
844.8
889.6
849.6
819.2
800.0
808.0
793.6
792.0
774.4
793.6
774.4
817.6
768.0
784.0
792.0
768.0
768.0
777.5
742.4
768.0
768.0
768.0
790.4
816.0
793.6
832.0
840.0
819.2
824.0
833.6
793.6
800.0
800.0
793.6
784.0
782.4
793.6
796.8
846.4
870.4
878.4
896.0
896.0
913.6
881.6
844.8
840.0
840.0
819.2
840.0
838.4
844.8
864.0
848.0
844.8
785.6
753.6
716.8
699.2
648.0
384.0
272.0
278.4
281.6
188.8
507.2
307.2
336.0
475.2
281.6
422.3
582.4
1100.8
1115.2
537.6
2176.0
1041.6
758.4
512.0
1313.6
275.2
204.8
268.8
452.7
358.4
652.8
436.8
358.4
182.4
206.4
358.4
236.8
425.6
1408.0
633.6
609.6
947.2
764.8
300.8
204.8
704.0
193.6
537.6
222.4
883.2
179.2
326.4
220.8
512.0
232.0
244.8
281.6
326.4
475.2
409.6
809.6
403.2
204.8
444.8
236.8
409.6
177.6
387.2
716.8
268.8
193.6
409.6
798.4
582.4
204.8
355.2
299.2
486.4
496.0
508.8
281.6
392.0
265.6
486.4
256.0
270.4
537.6
214.4
360.0
358.4
265.6
628.8
537.6
737.6
1345.6
665.6
876.8
420.8
1356.8
840.0
699.2
1280.0
265.6
1659.2
179.2
400.0
643.2
332.8
520.0
1665.6
358.4
588.8
649.6
230.4
622.4
1283.2
2508.8
358.4
385.6
230.4
435.2
644.8
179.2
515.2
1368.0
332.8
1083.2
404.8
307.2
660.8
312.0
307.2
475.2
940.8
460.8
700.8
251.2
435.2
236.7
304.0
537.6
272.0
529.5
358.4
620.8
537.6
1408.0
430.4
1081.6
921.6
1243.2
1179.2
614.4
598.4
632.0
614.4
640.0
649.6
614.4
451.2
521.6
230.4
609.6
566.4
588.8
568.0
571.2
768.0
1350.4
608.0
332.8
382.4
273.6
486.4
752.0
636.8
281.6
520.0
774.4
409.6
324.7
364.7
281.6
265.6
379.2
307.2
585.6
171.1
358.4
296.0
284.8
204.8
1212.7
747.2
307.2
168.0
548.8
332.8
372.8
796.8
332.8
224.0
356.8
384.0
342.3
763.2
179.2
241.6
347.2
1817.6
265.6
360.0
614.4
1036.8
196.7
358.4
833.6
291.2
486.4
350.4
249.6
460.8
300.8
214.4
358.4
240.0
243.2
947.2
947.2
393.5
742.4
248.0
500.8
1049.6
510.3
648.0
384.0
304.0
161.6
512.0
523.2
345.6
179.2
952.0
331.2
256.0
478.4
488.0
1254.4
265.6
492.7
281.6
214.3
747.2
307.2
593.6
308.8
230.4
622.4
392.0
384.0
528.0
780.8
179.2
619.2
436.8
486.4
289.6
257.6
486.4
260.8
187.2
1152.0
334.4
251.2
819.2
318.4
222.4
486.4
244.8
671.9
281.6
449.6
299.2
230.4
1024.0
784.0
256.0
712.0
452.8
486.4
251.2
318.4
588.8
673.6
648.0
384.0
616.0
617.6
1228.8
230.4
401.6
614.4
633.6
608.0
588.8
1496.0
356.8
512.0
291.2
371.2
691.2
643.2
1617.6
563.2
241.6
467.1
281.6
313.6
942.4
563.2
584.0
564.8
358.4
804.8
864.0
844.8
552.0
547.2
486.4
867.2
297.6
256.0
395.2
212.8
512.0
704.0
713.6
665.6
672.0
665.6
640.0
633.6
592.0
588.8
585.6
684.8
332.8
560.0
294.4
307.2
528.0
536.0
512.0
371.2
179.2
640.0
712.0
692.8
358.4
360.0
496.0
870.4
318.4
336.0
1228.8
611.2
1185.6
640.0
692.8
744.0
742.4
2241.6001
1443.2
486.4
217.6
712.0
691.2
700.8
1004.8
409.6
680.0
673.6
640.0
663.9
654.4
665.6
1312.0
670.4
691.2
326.4
355.2
665.6
497.6
350.3
358.4
320.0
329.6
281.6
304.0
297.6
384.0
472.0
347.2
409.6
355.2
296.0
537.6
428.8
204.8
768.0
550.4
328.0
435.2
286.4
574.4
1228.8
428.8
222.4
230.4
240.0
372.8
665.6
526.4
424.0
1561.6
649.6
244.8
409.6
2518.3999
240.0
230.4
252.8
937.6
384.0
742.4
262.4
409.6
593.6
190.4
588.8
721.6
841.6
665.6
636.8
553.6
256.0
310.4
228.7
640.0
531.2
849.6
563.2
1315.2
635.2
1587.2
297.6
1675.2
588.8
718.4
628.8
1049.6
433.6
900.8
563.2
428.8
350.4
486.4
201.6
2345.6001
640.0
190.4
736.0
716.8
1088.0
441.6
409.6
406.4
176.0
281.6
260.8
452.7
358.4
272.0
659.2
460.8
779.2
723.1
281.6
313.6
424.0
409.6
694.4
1121.6
1075.2
219.2
304.0
537.6
217.6
841.6
281.6
977.6
1099.2
256.0
699.1
1030.4
1049.6
550.4
448.0
2227.2
265.6
1401.6
460.8
785.6
254.4
768.0
206.4
1254.4
896.0
638.4
1814.4
1177.6
937.6
257.6
742.4
948.8
377.6
1228.8
232.0
243.2
819.2
2686.3999
1043.2
844.8
793.6
918.4
1689.6
1860.8
617.6
1100.8
844.8
1044.8
947.2
1545.6
628.8
1305.6
347.2
1433.6
1024.0
262.4
2219.2
3814.3999
910.4
1200.0
409.6
526.4
297.6
256.0
790.4
1073.6
256.0
780.8
446.4
588.8
452.8
243.2
179.2
1054.4
308.8
614.4
545.6
644.8
1075.2
329.6
422.4
435.2
1033.6
1513.6
972.8
329.6
553.6
384.0
220.8
268.8
819.2
384.0
663.9
640.0
310.4
598.4
358.4
304.0
2728.0
537.6
216.0
344.0
460.8
593.6
571.2
896.0
1019.2
179.2
768.0
656.0
404.8
563.2
2540.8
1312.0
665.6
513.6
243.1
563.2
728.0
339.2
665.6
569.6
561.6
896.0
459.2
280.0
256.0
662.4
412.8
460.8
484.8
529.6
742.4
448.0
193.6
409.6
200.0
713.6
281.6
289.6
531.2
204.8
820.8
375.9
358.4
665.6
403.2
204.8
252.8
561.6
384.0
257.6
372.8
409.6
217.5
566.4
204.8
299.2
880.0
230.4
179.2
1038.4
409.6
380.8
428.8
460.8
1275.2
692.8
742.4
912.0
536.0
256.0
1014.4
1665.6
614.4
182.4
1497.6
307.2
606.4
1019.2
179.2
254.4
392.0
896.0
302.4
188.8
486.4
284.8
355.2
281.6
401.6
880.0
230.4
515.2
588.8
640.0
988.8
401.6
486.4
768.0
257.6
358.4
465.6
195.2
384.0
200.0
313.5
281.6
278.4
155.1
1382.4
219.2
294.4
435.2
598.4
248.0
230.4
1560.0
532.8
563.2
409.6
788.8
691.2
270.4
1446.4
179.2
569.5
294.4
307.2
521.6
880.0
358.4
803.2
233.6
716.8
376.0
489.6
204.8
358.4
276.8
435.2
616.0
510.3
640.0
440.0
1591.9
1203.2
1291.2
473.6
1075.2
265.6
377.6
332.8
292.8
337.6
307.2
283.2
377.6
332.8
390.3
289.6
384.0
438.4
468.8
256.0
228.7
652.8
691.2
332.8
272.0
256.0
300.8
352.0
460.8
166.4
1339.2
512.0
287.9
294.4
435.2
491.2
313.6
665.6
411.2
494.4
384.0
291.2
870.4
256.0
329.6
432.0
281.6
273.6
235.2
307.2
216.0
206.4
1254.4
328.0
715.2
896.0
987.2
688.0
153.6
535.9
662.4
281.6
372.8
286.4
307.2
184.0
310.4
332.8
182.4
465.6
307.2
163.2
236.7
281.6
484.8
384.0
256.0
593.6
308.8
358.4
235.2
188.8
358.4
350.4
254.4
1024.0
993.6
200.0
307.2
217.6
307.2
896.0
342.4
636.8
793.6
323.2
404.8
179.2
684.8
588.8
768.0
625.6
472.0
1484.8
315.2
905.6
358.4
1080.0
700.8
230.4
171.2
766.3
640.0
395.2
219.2
793.6
412.8
348.8
640.0
545.6
515.2
1740.8
278.4
553.6
256.0
1046.4
798.4
819.2
812.8
350.4
614.4
257.6
368.0
486.4
246.4
387.2
204.8
430.4
563.2
384.0
550.4
696.0
435.2
456.0
331.2
384.0
371.2
318.4
204.8
411.2
238.4
640.0
273.6
492.7
281.6
331.2
272.0
512.0
224.0
353.6
307.2
214.4
500.8
281.6
232.0
752.0
358.4
230.4
404.8
563.2
262.4
556.8
204.8
185.5
299.1
358.4
460.8
272.0
384.0
400.0
262.3
281.6
305.6
265.6
486.4
251.2
307.2
256.0
313.5
288.0
409.6
388.8
448.0
435.2
659.2
721.6
307.2
1428.8
456.0
563.2
745.6
345.6
307.2
235.2
696.0
435.2
467.1
286.4
435.2
523.2
483.2
409.6
404.8
312.0
307.2
208.0
718.4
1126.4
945.5
649.6
230.4
552.0
302.4
307.2
220.8
1040.0
512.0
244.8
548.8
460.8
155.2
616.0
614.4
404.8
308.8
614.4
411.2
249.6
332.8
323.2
280.0
256.0
296.0
296.0
281.6
739.2
286.4
691.2
206.4
3688.0
486.4
257.6
369.6
460.8
675.2
364.8
409.6
888.0
1022.4
256.0
393.6
619.2
691.2
488.0
232.0
358.4
284.8
601.5
563.2
264.0
528.0
512.0
516.8
841.6
665.6
856.0
600.0
332.8
246.4
270.4
793.6
1020.8
296.0
409.6
438.4
350.3
358.4
694.4
481.6
307.2
1345.6
552.0
409.6
281.6
785.5
358.4
344.0
2393.6001
1075.2
676.8
484.8
512.0
1011.2
704.0
307.2
1563.1
1398.4
640.0
4009.6001
259.2
460.8
1360.0
1636.8
256.0
315.2
400.0
640.0
1729.6
420.8
972.8
785.5
3057.6001
460.8
1036.8
456.0
1331.2
1779.2
4171.2002
256.0
252.8
556.8
588.8
376.0
1008.0
358.4
299.2
889.6
844.8
358.4
264.0
896.0
396.8
313.6
409.6
337.6
313.6
409.6
248.0
889.6
972.8
622.4
267.2
204.8
888.0
240.0
1766.4
819.2
267.2
332.8
307.2
651.2
204.8
748.8
942.4
307.2
275.2
211.1
281.6
232.0
236.7
281.6
212.8
276.8
307.2
1081.6
550.4
179.2
302.4
192.0
947.2
265.6
240.0
358.4
588.8
385.6
230.4
598.4
254.4
768.0
415.9
283.2
742.4
1960.0
284.8
332.8
287.9
294.4
179.2
860.8
534.4
153.6
1297.5
371.2
691.2
456.0
331.2
1024.0
328.0
451.2
384.0
163.2
998.4
1408.0
865.6
321.6
537.6
347.2
296.0
409.6
784.0
257.6
358.4
448.0
313.5
281.6
308.8
2281.6001
588.8
475.2
558.4
435.2
369.6
467.1
281.6
395.2
868.8
256.0
270.4
667.2
230.4
294.4
435.2
384.0
822.4
212.8
512.0
1416.0
641.6
614.4
596.8
1164.7
563.2
568.0
566.4
588.8
606.4
1265.6
716.8
750.4
2179.2
716.8
1380.7
657.6
1254.4
1244.8
908.8
307.2
273.5
377.6
460.8
345.6
833.6
409.6
252.8
160.0
793.6
769.6
252.8
281.6
182.4
470.4
230.4
640.0
649.6
614.4
592.0
601.5
563.2
585.6
560.0
537.6
313.5
304.0
409.6
212.8
259.2
460.8
353.6
440.0
435.2
420.8
353.6
307.2
663.9
656.0
640.0
663.9
656.0
640.0
656.0
663.9
640.0
672.0
688.0
665.6
678.4
713.6
665.6
705.6
680.0
665.6
640.0
649.6
614.4
617.6
1248.0
588.8
614.4
646.4
665.6
672.0
678.4
691.2
712.0
705.6
665.6
651.2
345.6
307.2
676.8
332.8
256.0
500.8
299.2
230.4
257.6
502.4
640.0
403.2
596.7
1024.0
870.4
400.0
640.0
380.8
296.0
665.6
208.0
472.0
332.8
417.6
651.2
1100.8
880.0
1392.0
614.4
2390.3999
1128.0
3558.3999
804.8
211.2
409.6
638.4
520.0
384.0
340.8
275.2
460.8
227.2
419.2
486.4
718.4
243.2
307.2
1516.8
942.4
947.2
547.2
5368.0
230.4
400.0
1923.2
332.8
236.8
561.6
384.0
526.4
288.0
793.6
1118.4
241.6
844.8
3099.2
238.3
1024.0
785.6
1014.4
3584.0
886.4
536.0
768.0
494.4
785.6
742.4
1451.2
4838.3999
640.0
632.0
616.0
614.4
649.6
632.0
614.4
363.2
708.8
742.4
606.4
620.8
665.6
712.0
700.8
1382.4
696.0
696.0
691.2
718.4
751.9
742.4
760.0
760.0
742.4
755.2
696.0
691.2
672.0
689.5
640.0
686.4
702.4
716.8
728.0
728.0
716.8
753.6
736.0
716.8
751.9
761.6
716.8
744.0
751.9
742.4
720.0
720.0
716.8
737.6
694.4
716.8
681.6
648.0
640.0
648.0
656.0
640.0
676.8
720.0
716.8
766.4
788.8
2227.2
737.6
705.6
665.6
640.0
657.6
614.4
616.0
1273.6
1868.8
654.4
673.6
896.0
369.6
859.2
281.6
315.2
523.2
588.8
1171.2
606.4
614.4
708.8
758.4
768.0
782.4
800.0
793.6
780.8
707.2
640.0
1236.8
648.0
768.0
881.6
849.6
819.2
830.4
864.0
844.8
848.0
865.6
819.2
833.6
800.0
793.6
771.2
857.6
819.2
814.4
838.4
844.8
856.0
857.6
819.2
816.0
808.0
1561.6
776.0
792.0
768.0
772.8
840.0
819.2
760.0
744.0
742.4
750.4
776.0
768.0
751.9
742.4
768.0
744.0
760.0
742.4
760.0
751.9
742.4
753.6
724.8
768.0
782.4
800.0
793.6
822.4
854.4
870.4
875.2
840.0
819.2
769.6
747.2
691.2
686.4
710.4
716.8
833.6
798.4
819.2
835.2
769.6
742.4
774.4
809.6
768.0
747.2
712.0
691.2
424.0
284.8
716.8
694.4
736.0
716.8
732.8
792.0
768.0
816.0
808.0
793.6
795.2
1512.0
742.4
790.4
817.6
768.0
816.0
808.0
793.6
817.6
777.5
742.4
747.2
195.2
512.0
2001.6
692.8
742.4
792.0
790.4
793.6
782.4
798.4
819.2
784.0
782.4
1561.6
841.6
806.4
819.2
806.4
824.0
819.2
841.6
816.0
793.6
816.0
816.0
793.6
801.6
776.0
768.0
768.0
777.5
2406.3999
798.4
832.0
819.2
843.2
785.6
742.4
760.0
751.9
742.4
753.6
736.0
460.8
259.2
720.0
716.8
712.0
704.0
691.2
712.0
702.4
716.8
737.6
710.4
716.8
720.0
718.4
742.4
751.9
761.6
716.8
736.0
718.4
742.4
776.0
779.2
716.8
779.2
736.0
716.8
1564.8
848.0
844.8
840.0
819.2
2560.0
2582.3999
3358.3999
819.2
832.0
824.0
819.2
832.0
841.6
793.6
800.0
798.4
819.2
817.6
788.8
819.2
841.6
816.0
793.6
772.8
697.6
665.6
742.4
649.6
614.4
616.0
632.0
614.4
654.4
672.0
665.6
646.4
688.0
665.6
697.6
665.6
640.0
657.6
622.4
640.0
672.0
672.0
665.6
688.0
688.0
665.6
672.0
673.6
640.0
649.6
633.6
588.8
592.0
601.5
563.2
1148.8
544.0
537.6
561.6
526.4
537.6
1691.2
744.0
870.4
849.6
840.0
819.2
867.2
816.0
793.6
816.0
817.6
768.0
744.0
764.8
665.6
689.5
648.0
640.0
678.4
692.8
742.4
784.0
782.4
793.6
801.6
776.0
768.0
745.6
728.0
716.8
737.6
697.6
665.6
663.9
654.4
665.6
708.8
764.8
793.6
841.6
798.4
819.2
800.0
793.6
768.0
720.0
729.6
691.2
696.0
715.1
640.0
640.0
649.6
614.4
632.0
632.0
614.4
640.0
646.4
665.6
688.0
688.0
665.6
680.0
688.0
665.6
699.2
784.0
768.0
768.0
792.0
768.0
822.4
865.6
819.2
824.0
824.0
819.2
814.4
822.4
844.8
848.0
865.6
819.2
766.4
792.0
768.0
776.0
787.2
716.8
729.6
694.4
716.8
702.4
737.6
691.2
732.8
790.4
793.6
811.2
751.9
742.4
720.0
736.0
716.8
744.0
761.6
716.8
792.0
774.4
793.6
784.0
785.6
742.4
718.4
744.0
742.4
784.0
785.6
742.4
784.0
768.0
768.0
788.8
822.4
844.8
867.2
808.0
793.6
808.0
816.0
793.6
795.2
755.2
691.2
694.4
740.8
768.0
864.0
849.6
819.2
784.0
790.4
793.6
776.0
1422.4
665.6
648.0
656.0
640.0
643.2
718.4
742.4
790.4
816.0
793.6
801.6
785.6
742.4
736.0
736.0
716.8
750.4
792.0
768.0
784.0
774.4
793.6
832.0
833.6
793.6
782.4
808.0
793.6
784.0
782.4
793.6
838.4
864.0
844.8
832.0
822.4
844.8
824.0
833.6
793.6
841.6
809.6
768.0
720.0
729.6
691.2
672.0
672.0
665.6
680.0
668.8
716.8
726.3
750.4
768.0
804.8
857.6
819.2
825.6
809.6
768.0
816.0
808.0
793.6
824.0
825.6
793.6
769.6
758.4
768.0
798.4
843.2
768.0
768.0
788.8
691.2
672.0
689.5
640.0
667.2
747.2
819.2
896.0
899.2
844.8
843.2
792.0
768.0
774.4
793.6
768.0
736.0
716.8
768.0
782.4
812.8
844.8
880.0
889.6
844.8
800.0
811.2
742.4
742.4
776.0
768.0
800.0
808.0
793.6
774.4
803.1
742.4
716.8
785.6
742.4
751.9
758.4
768.0
788.8
841.6
793.6
768.0
785.6
742.4
720.0
720.0
716.8
713.6
689.5
640.0
1318.4
696.0
691.2
680.0
672.0
665.6
656.0
640.0
640.0
1214.4
600.0
588.8
646.4
680.0
665.6
689.5
656.0
640.0
624.0
625.6
588.8
1729.6
542.4
563.2
636.8
667.2
742.4
790.4
806.4
819.2
779.2
737.6
691.2
728.0
339.2
409.6
707.2
657.6
614.4
600.0
609.6
563.2
568.0
568.0
563.2
563.2
657.6
742.4
1435.2
755.2
819.2
904.0
897.6
870.4
916.8
950.4
972.8
934.4
960.0
947.2
460.8
1038.4
793.6
785.6
1526.4
256.0
495.9
756.8
1305.6
758.4
648.0
1152.0
540.8
339.2
4249.6001
825.6
801.6
768.0
761.6
720.0
716.8
2071.8999
663.9
640.0
1296.0
656.0
640.0
1360.0
720.0
716.8
1027.2
334.4
870.4
1427.2
849.6
563.2
