240
320
448
416
304
936
272
264
304
344
304
208
1088
1368
808
376
672
488
2360
1216
2112
1320
640
272
248
736
1696
816
328
544
880
488
416
320
792
1832
648
304
456
296
584
256
312
864
328
976
2200
864
2632
792
336
808
408
264
288
832
560
216
376
808
2072
648
1144
480
1264
2648
808
320
192
968
200
1136
576
1088
352
1024
336
560
352
232
504
232
392
1000
1048
360
600
344
344
896
352
560
240
336
616
1128
1256
552
664
2496
1208
360
624
440
232
1272
584
248
344
1992
1112
1160
328
1024
208
608
256
384
528
256
320
576
648
368
208
456
320
488
352
3024
656
504
320
352
280
224
680
488
1256
336
312
600
256
360
680
344
208
968
1312
1136
1368
264
416
560
248
576
176
2488
1184
656
552
608
1720
1144
904
232
816
296
