368
192
352
576
232
336
432
592
232
424
176
384
432
320
360
464
608
296
216
256
352
344
416
344
528
680
584
344
448
624
2248
456
584
1064
352
408
224
640
648
656
1296
336
312
216
352
752
328
312
416
232
632
656
640
272
376
640
1096
864
632
632
640
504
816
664
1816
768
664
720
472
216
696
672
640
656
1992
664
288
376
224
280
776
280
368
1696
344
688
1032
1144
448
1352
688
432
880
640
640
880
1032
624
496
1088
2816
632
672
408
240
264
384
640
624
912
368
296
352
624
872
352
592
608
1240
416
808
1896
640
616
616
400
208
680
512
1224
440
216
648
640
648
656
632
648
912
1112
472
192
544
528
224
512
504
736
1176
504
1896
408
688
2328
296
792
464
712
440
728
368
728
1520
600
568
704
408
720
344
608
600
656
1120
288
640
536
1080
1824
400
1128
1752
416
