624
384
640
536
328
664
656
664
664
568
464
288
664
360
336
712
384
336
520
216
752
752
760
752
768
768
760
768
768
768
776
776
1520
776
520
1240
2008
888
880
296
256
680
1456
712
720
736
344
392
696
472
880
1056
968
1944
2896
752
1520
760
760
760
752
720
712
704
704
696
696
696
696
688
696
680
704
696
720
728
744
728
720
736
712
720
688
688
688
696
504
680
632
1056
592
1048
424
768
672
512
688
688
664
640
640
640
616
520
672
576
696
1056
728
752
736
1496
720
328
1048
824
408
736
648
632
888
1248
656
640
656
680
704
712
712
712
704
472
768
1096
648
952
