688
720
760
768
744
752
736
720
720
736
744
736
704
704
712
712
728
760
768
776
784
808
824
816
816
792
768
744
776
768
768
792
776
760
752
752
768
752
768
768
776
792
808
792
784
784
768
736
696
728
760
800
816
800
800
776
760
744
744
728
712
592
872
768
776
792
816
792
696
656
688
680
688
672
656
656
664
664
688
704
744
752
736
752
752
728
728
744
776
800
808
792
776
768
736
704
696
696
704
696
744
800
840
864
872
824
832
808
776
752
752
752
768
768
744
768
784
744
752
744
760
744
728
704
712
712
720
736
688
696
704
728
744
752
736
728
696
664
648
672
712
744
736
752
752
752
736
712
728
728
736
736
656
632
496
776
656
664
640
624
632
664
720
768
752
776
784
752
760
768
760
744
760
752
