712
688
688
696
728
752
752
736
728
736
768
776
768
752
744
720
728
720
720
720
752
744
776
768
784
784
784
784
768
736
720
712
704
704
720
736
744
752
736
728
736
728
712
696
696
688
704
712
712
712
720
712
736
736
728
728
720
736
744
736
720
704
720
704
688
704
696
680
672
648
640
632
648
648
656
664
640
632
640
648
688
704
704
696
704
696
696
680
672
672
656
648
640
632
640
632
656
648
640
1312
672
696
680
688
696
688
680
704
696
672
624
624
624
648
664
664
672
680
672
680
680
688
672
672
688
704
728
744
736
736
760
760
736
728
728
728
720
736
728
736
744
720
704
704
704
704
720
728
720
720
720
712
712
712
704
712
704
712
712
704
720
720
696
696
696
