728
736
704
712
688
728
728
744
768
784
720
752
744
712
720
736
752
728
720
744
760
744
768
776
800
760
784
768
728
736
744
712
728
728
736
712
736
752
728
744
760
744
760
768
736
736
752
704
728
728
712
728
784
792
776
776
792
776
768
760
744
736
736
736
712
736
752
712
744
744
712
712
728
752
720
720
712
712
720
744
736
760
776
760
760
776
760
760
760
736
744
736
712
736
744
752
728
752
744
704
720
720
704
744
752
736
1320
720
720
744
744
2144
712
2384
2392
12408
776
808
1512
792
744
824
2272
1536
696
792
1472
1528
744
792
2984
1552
712
7808
3576
728
1456
2904
1464
768
5184
752
736
768
1416
4304
784
1496
2176
2832
1392
744
2120
736
1472
760
2880
1488
720
704
1496
1312
2160
2904
760
1536
672
776
720
1456
1640
792
768
760
776
744
1512
4864
696
2888
744
2296
752
1608
1528
2216
760
752
832
1512
728
768
1480
1496
5320
2256
2976
2160
792
680
744
3104
728
1536
3032
720
856
608
2304
712
1544
784
744
2936
3560
1400
720
5136
1416
6384
648
3504
704
2112
2080
768
728
2136
3784
680
7416
744
